1,2,9,7.4
2,0,9,9.4
3,5,8,8.7
4,0,3,5.1
5,0,5,9.9
6,7,4,10.6
7,6,0,3.6
8,1,1,0.2
9,2,8,0.8
10,8,6,5.3
11,5,8,6.6
12,7,3,10.2
13,3,5,9.5
14,9,3,10.0
15,5,6,7.7
16,4,5,8.3
17,6,5,10.4
18,7,3,5.3
19,6,7,5.6
20,6,4,5.3
21,6,2,3.7
22,3,5,2.1
23,4,8,10.3
24,0,5,5.1
25,0,4,7.9
26,9,1,0.4
27,6,8,5.2
28,1,5,5.4
29,9,9,3.3
30,8,7,1.6
31,6,9,10.7
32,3,7,5.6
33,8,6,7.5
34,9,6,2.0
35,3,8,7.0
36,7,6,9.8
37,1,2,7.7
38,9,6,8.6
39,1,6,0.8
40,7,1,2.5
41,3,1,3.7
42,2,2,8.5
43,8,3,2.0
44,8,1,2.1
45,9,9,4.4
46,3,4,2.6
47,1,3,1.7
48,5,6,6.1
49,6,5,3.5
50,3,1,1.5
51,6,0,3.5
52,7,3,2.0
53,5,1,1.5
54,6,0,1.8
55,5,8,4.8
56,7,6,7.7
57,0,4,9.5
58,7,5,4.7
59,0,9,7.0
60,8,8,7.4
61,9,4,10.8
62,7,9,0.1
63,6,8,4.1
64,9,5,1.2
65,3,1,9.5
66,8,3,8.8
67,3,1,10.1
68,5,7,5.0
69,4,9,1.4
70,9,3,5.4
71,5,8,1.2
72,8,5,6.7
73,3,6,6.0
74,2,5,3.7
75,8,5,2.2
76,6,8,10.4
77,5,3,5.4
78,1,2,10.6
79,1,7,3.1
80,8,7,6.9
81,14,4,9.7
82,10,8,10.0
83,19,9,8.0
84,10,7,9.8
85,18,7,10.3
86,18,8,1.8
87,16,9,10.1
88,10,4,4.4
89,15,1,1.8
90,18,3,10.7
91,13,7,9.7
92,15,8,7.9
93,12,9,6.8
94,13,7,8.1
95,11,0,3.1
96,16,7,5.5
97,17,5,2.9
98,18,9,5.9
99,14,1,4.4
100,13,7,7.5
101,10,7,4.1
102,12,5,7.9
103,19,0,5.5
104,12,9,8.1
105,12,1,7.8
106,14,0,5.1
107,16,3,9.4
108,15,8,9.5
109,19,8,10.8
110,16,0,0.4
111,18,7,10.9
112,19,1,5.9
113,15,9,5.1
114,19,1,8.5
115,17,4,3.4
116,19,6,2.7
117,12,8,9.8
118,10,4,9.6
119,19,3,3.5
120,14,8,3.8
121,19,6,6.4
122,15,5,9.4
123,11,1,4.4
124,14,0,10.2
125,11,1,1.3
126,10,6,8.9
127,15,6,2.2
128,12,1,10.7
129,15,6,2.8
130,18,7,8.3
131,14,8,3.1
132,18,9,8.9
133,16,3,8.8
134,16,2,6.4
135,19,7,4.5
136,19,7,5.1
137,16,2,2.7
138,15,8,2.2
139,10,5,5.5
140,15,8,8.4
141,16,2,3.0
142,11,5,1.3
143,18,1,2.8
144,12,4,9.1
145,17,5,2.7
146,11,1,9.9
147,11,5,4.2
148,14,4,1.3
149,19,3,6.0
150,18,9,2.3
151,15,3,10.8
152,17,1,1.8
153,12,2,2.1
154,12,2,0.3
155,17,8,9.7
156,13,4,0.6
157,16,8,10.7
158,18,3,10.2
159,19,7,3.8
160,10,8,2.6
161,28,7,0.4
162,21,7,0.3
163,27,2,9.8
164,24,6,2.1
165,27,1,2.3
166,29,2,4.6
167,26,6,6.4
168,28,6,7.6
169,23,8,1.3
170,24,7,2.7
171,21,1,7.0
172,22,1,2.0
173,27,2,0.5
174,22,4,1.2
175,23,8,4.3
176,23,8,1.5
177,22,2,6.7
178,20,7,0.6
179,28,6,1.6
180,24,1,9.9
181,28,1,5.9
182,21,9,5.1
183,25,6,4.2
184,26,3,1.7
185,29,2,0.1
186,26,4,10.7
187,20,6,2.1
188,21,9,10.1
189,26,6,0.0
190,21,8,4.0
191,25,4,7.4
192,24,9,6.5
193,25,5,9.7
194,24,9,3.4
195,27,6,8.7
196,27,1,6.8
197,22,2,2.3
198,20,2,9.0
199,21,9,4.5
200,24,3,5.7
201,28,8,6.5
202,25,0,8.1
203,26,4,2.7
204,21,7,5.6
205,20,8,6.7
206,23,1,7.8
207,23,3,8.5
208,26,7,0.2
209,20,1,6.8
210,21,0,6.3
211,20,6,3.4
212,25,0,7.1
213,22,6,1.9
214,26,1,0.7
215,20,5,1.0
216,26,4,0.5
217,29,1,2.0
218,20,7,5.9
219,24,4,8.9
220,24,1,4.1
221,20,2,5.3
222,25,3,9.3
223,25,6,4.7
224,29,3,1.9
225,25,3,8.2
226,29,9,8.8
227,21,0,8.4
228,20,3,7.7
229,29,0,3.5
230,22,2,5.2
231,20,7,2.0
232,21,0,6.6
233,24,5,4.7
234,21,8,5.3
235,21,3,4.3
236,27,4,1.9
237,21,1,5.6
238,26,2,9.7
239,28,2,4.6
240,26,8,8.0
241,9,18,7.0
242,4,19,5.2
243,6,19,2.9
244,3,19,1.2
245,6,19,9.0
246,4,12,4.7
247,7,13,1.7
248,6,12,5.7
249,8,15,8.1
250,8,19,7.8
251,0,16,7.1
252,9,17,4.1
253,5,13,5.3
254,1,13,10.5
255,7,19,1.3
256,0,10,4.8
257,2,19,5.9
258,6,18,4.9
259,1,14,5.9
260,5,17,4.5
261,6,18,10.3
262,5,17,5.1
263,9,14,9.2
264,9,14,1.5
265,4,14,6.9
266,8,19,4.9
267,9,17,9.7
268,5,12,8.1
269,6,15,7.4
270,0,16,5.3
271,5,14,3.2
272,8,16,3.1
273,3,11,8.9
274,0,14,5.8
275,9,15,0.3
276,5,10,9.7
277,7,18,8.2
278,3,15,2.5
279,7,17,8.0
280,9,17,3.3
281,7,13,3.2
282,2,10,4.9
283,5,16,9.1
284,5,17,8.9
285,1,10,2.3
286,3,17,9.3
287,3,17,1.6
288,0,11,0.2
289,7,16,6.8
290,5,13,10.3
291,6,12,3.2
292,9,10,10.4
293,8,12,10.7
294,0,18,4.9
295,9,17,9.3
296,0,17,3.3
297,3,18,9.5
298,6,15,3.8
299,8,19,1.4
300,9,12,10.1
301,8,17,3.2
302,9,18,10.7
303,5,17,10.2
304,6,17,9.9
305,7,12,6.5
306,9,15,8.9
307,9,17,8.7
308,2,13,3.3
309,0,10,1.4
310,2,10,2.1
311,7,16,1.0
312,8,16,3.1
313,4,17,1.8
314,3,12,2.0
315,2,16,8.1
316,9,14,5.0
317,6,15,1.1
318,6,11,4.8
319,9,14,5.6
320,0,19,5.8
321,11,18,5.5
322,15,18,1.0
323,15,17,1.7
324,16,11,6.4
325,11,11,9.1
326,13,16,7.4
327,15,13,5.4
328,14,15,4.8
329,14,15,8.4
330,17,16,5.8
331,10,18,2.8
332,13,13,1.8
333,15,10,10.9
334,19,17,9.3
335,19,14,1.3
336,11,13,2.1
337,13,13,2.6
338,18,10,9.9
339,13,13,9.5
340,11,15,7.4
341,16,16,3.2
342,12,10,3.9
343,19,15,7.0
344,13,19,5.4
345,14,11,9.2
346,13,18,5.6
347,14,11,3.5
348,17,16,9.7
349,16,10,3.0
350,11,18,3.8
351,12,10,1.6
352,11,16,5.7
353,17,10,4.2
354,18,17,7.8
355,12,16,1.4
356,11,16,5.8
357,14,12,9.5
358,15,13,1.6
359,10,10,2.6
360,13,18,9.6
361,17,18,2.6
362,12,10,6.7
363,18,19,3.7
364,12,11,8.1
365,16,17,2.1
366,14,15,5.7
367,15,12,10.2
368,18,19,2.1
369,17,19,4.1
370,19,19,9.8
371,16,12,0.5
372,15,19,7.7
373,11,18,4.7
374,11,18,5.8
375,13,10,1.2
376,12,14,7.7
377,12,17,9.8
378,16,12,1.7
379,18,12,3.1
380,18,17,3.7
381,14,14,3.7
382,11,16,2.4
383,10,13,6.4
384,10,18,5.7
385,14,10,6.5
386,16,13,8.5
387,17,10,10.8
388,13,11,1.2
389,13,10,8.6
390,19,14,9.0
391,18,19,5.0
392,10,19,2.3
393,12,16,3.7
394,16,15,6.2
395,10,16,7.6
396,17,10,2.8
397,16,19,9.4
398,12,17,2.8
399,16,12,5.6
400,11,12,0.2
401,21,18,9.8
402,28,12,0.5
403,27,17,6.9
404,29,14,1.9
405,27,15,3.7
406,22,11,6.4
407,29,17,1.4
408,25,14,1.4
409,25,19,9.3
410,23,13,5.1
411,25,14,9.6
412,25,13,4.1
413,26,17,5.1
414,22,13,3.0
415,22,17,7.5
416,27,13,6.6
417,22,17,4.0
418,20,19,0.9
419,25,14,3.5
420,28,14,10.1
421,27,18,2.1
422,28,18,10.8
423,27,11,7.2
424,25,16,2.0
425,25,17,6.2
426,27,14,6.1
427,26,13,7.7
428,25,14,10.0
429,20,11,3.1
430,28,16,6.9
431,25,17,8.8
432,20,18,6.0
433,20,15,4.4
434,24,15,8.9
435,23,13,5.0
436,24,13,4.3
437,26,16,7.8
438,24,15,4.9
439,25,11,0.3
440,23,12,7.4
441,29,17,9.8
442,29,11,1.1
443,27,13,9.9
444,23,18,9.2
445,23,16,2.2
446,23,13,7.7
447,29,15,2.1
448,27,16,4.2
449,26,11,10.3
450,26,11,8.8
451,25,18,7.4
452,25,10,7.5
453,25,17,5.6
454,27,12,1.1
455,25,15,9.0
456,25,19,0.1
457,28,11,8.0
458,28,13,1.8
459,22,17,10.6
460,25,19,2.8
461,27,17,1.8
462,24,19,3.2
463,23,12,1.9
464,24,11,2.6
465,29,15,0.8
466,24,12,6.0
467,22,12,0.3
468,26,14,1.8
469,26,11,7.2
470,25,13,0.6
471,24,10,6.1
472,20,11,7.1
473,21,18,7.6
474,27,14,2.4
475,26,16,2.1
476,22,13,1.3
477,29,12,2.5
478,24,13,5.6
479,28,18,1.3
480,28,19,5.1
481,13,92,5.8
482,28,52,4.9
483,33,53,1.1
484,75,21,7.5
485,70,79,3.7
486,48,93,8.9
487,57,4,3.0
488,37,2,6.6
489,52,52,10.3
490,53,0,1.2
491,25,73,0.6
492,66,97,1.4
493,36,82,9.8
494,36,17,7.5
495,41,84,10.5
496,37,2,2.6
497,19,30,1.3
498,34,97,8.6
499,65,78,7.8
500,59,69,6.4
501,77,68,4.1
502,24,26,5.6
503,19,94,5.7
504,83,41,10.6
505,53,19,2.6
506,44,59,10.9
507,17,20,2.6
508,37,40,1.7
509,11,35,2.4
510,38,79,9.4
511,77,86,9.9
512,63,8,4.3
513,49,52,7.6
514,52,38,3.1
515,99,42,8.7
516,6,59,7.1
517,28,30,3.2
518,47,79,2.8
519,46,85,0.8
520,51,18,6.0
521,53,37,9.1
522,98,35,7.3
523,92,27,8.4
524,49,89,8.2
525,68,68,1.8
526,73,6,9.0
527,6,82,2.3
528,66,57,1.1
529,62,67,5.8
530,6,24,0.9
531,69,67,1.1
532,22,96,2.2
533,92,30,6.7
534,70,31,2.4
535,31,73,10.5
536,61,66,7.3
537,56,9,10.5
538,62,40,6.3
539,25,74,4.7
540,22,77,3.7
541,19,69,3.3
542,64,73,9.2
543,76,44,3.5
544,22,73,4.7
545,59,28,9.5
546,38,55,5.6
547,16,60,1.0
548,21,81,5.7
549,64,41,7.3
550,30,51,9.3
551,15,97,2.8
552,50,65,3.7
553,88,78,8.7
554,55,56,7.9
555,34,95,7.8
556,53,60,5.3
557,63,83,2.2
558,3,90,5.4
559,35,88,10.3
560,1,66,7.4
561,88,24,9.9
562,69,47,3.9
563,15,43,7.1
564,59,90,9.0
565,5,65,6.5
566,77,21,2.6
567,65,17,3.3
568,96,46,4.3
569,38,58,7.4
570,90,25,3.1
571,62,93,5.9
572,40,61,6.4
573,3,92,0.3
574,32,67,2.8
575,41,45,9.0
576,96,51,0.9
577,4,22,2.8
578,50,84,8.8
579,16,60,1.1
580,48,76,6.9
581,99,30,3.2
582,54,62,7.9
583,55,25,2.3
584,24,66,0.4
585,19,30,1.9
586,79,41,0.2
587,59,48,0.3
588,3,69,1.1
589,67,70,4.5
590,27,41,8.3
591,74,1,2.8
592,25,54,10.8
593,24,44,3.9
594,40,55,4.4
595,41,42,8.2
596,66,73,7.3
597,9,66,9.9
598,35,18,9.6
599,19,55,6.3
600,1,63,5.4
601,36,61,6.3
602,94,9,10.4
603,41,98,3.0
604,78,12,6.2
605,81,78,9.6
606,0,58,3.2
607,69,69,5.1
608,5,46,2.2
609,9,65,0.2
610,35,72,5.3
611,88,63,6.9
612,89,62,2.4
613,82,53,6.5
614,55,28,0.6
615,67,26,10.4
616,62,72,6.1
617,44,87,7.5
618,69,97,6.5
619,61,88,5.6
620,36,69,0.4
621,78,19,10.0
622,68,9,10.5
623,29,62,7.7
624,86,4,0.4
625,54,71,0.6
626,50,8,5.1
627,6,47,3.2
628,16,75,7.7
629,63,95,10.6
630,47,72,5.9
631,47,89,1.4
632,65,53,10.7
633,48,63,5.8
634,8,59,10.7
635,7,45,0.1
636,97,21,10.3
637,72,34,6.1
638,65,49,2.5
639,30,45,5.9
640,51,7,7.1
641,70,35,10.4
642,84,38,5.1
643,58,42,10.2
644,77,30,7.3
645,52,86,6.8
646,88,63,1.6
647,35,51,5.5
648,10,58,0.5
649,70,32,1.0
650,28,39,10.8
651,75,25,2.4
652,30,8,4.1
653,95,38,7.2
654,68,29,2.9
655,8,35,4.8
656,8,58,7.7
657,79,85,0.7
658,12,40,1.6
659,54,98,2.0
660,11,68,4.1
661,96,10,10.6
662,39,12,0.1
663,17,25,7.5
664,1,35,2.4
665,32,14,1.9
666,33,79,3.3
667,16,40,7.8
668,9,31,8.1
669,71,51,0.2
670,9,73,2.1
671,22,61,10.4
672,8,63,8.1
673,72,11,1.4
674,16,92,8.4
675,69,4,6.7
676,5,77,10.5
677,44,27,8.4
678,1,32,10.5
679,63,69,6.5
680,53,40,3.5
681,0,85,5.3
682,1,35,6.6
683,70,28,10.4
684,21,50,3.2
685,59,25,2.5
686,68,81,1.2
687,23,94,4.7
688,34,15,7.9
689,53,55,1.6
690,32,79,2.0
691,18,34,10.1
692,41,96,4.2
693,32,77,4.4
694,80,52,4.5
695,92,55,2.0
696,96,55,0.7
697,62,85,5.2
698,31,78,9.4
699,40,87,9.2
700,74,26,8.7
701,24,87,3.5
702,31,95,0.6
703,21,73,9.1
704,81,46,10.0
705,1,78,10.6
706,16,65,7.0
707,17,28,7.8
708,25,68,6.9
709,79,5,2.7
710,26,55,6.4
711,37,59,1.9
712,70,79,8.7
713,68,84,7.7
714,41,47,2.3
715,58,48,5.1
716,95,6,6.3
717,1,68,6.4
718,68,69,0.4
719,70,83,7.3
720,83,6,3.8
721,4,88,0.2
722,10,85,4.7
723,74,44,5.8
724,60,18,1.3
725,32,85,4.5
726,5,83,8.5
727,78,40,5.6
728,4,66,10.3
729,32,86,7.4
730,46,60,4.6
731,72,88,10.3
732,80,37,10.6
733,67,98,9.4
734,83,21,4.1
735,41,97,8.4
736,76,20,5.6
737,59,72,2.4
738,33,10,0.1
739,40,48,8.7
740,18,34,0.4
741,19,20,5.2
742,48,76,3.7
743,73,12,3.9
744,28,79,6.5
745,55,37,4.5
746,16,46,4.6
747,69,16,5.1
748,46,77,9.0
749,48,31,2.2
750,92,6,6.1
751,21,24,1.8
752,65,99,5.7
753,53,6,10.4
754,71,65,4.1
755,2,23,4.8
756,33,21,8.7
757,13,24,4.4
758,60,88,8.8
759,27,96,6.7
760,56,84,1.4
761,20,42,0.1
762,70,28,10.5
763,35,40,2.0
764,92,5,3.1
765,31,9,1.5
766,59,91,5.6
767,66,67,0.8
768,49,76,10.8
769,18,27,3.5
770,71,28,2.2
771,10,76,4.9
772,71,11,6.1
773,63,81,1.0
774,39,97,8.6
775,60,35,7.3
776,56,14,9.8
777,9,86,7.7
778,12,52,4.3
779,9,46,9.1
780,87,42,8.3
781,41,14,0.2
782,87,11,1.7
783,23,42,9.3
784,49,8,7.6
785,52,58,8.5
786,90,30,10.5
787,64,30,10.0
788,0,85,7.1
789,60,94,10.5
790,56,4,5.2
791,71,70,0.2
792,71,65,10.3
793,49,19,0.2
794,72,78,6.9
795,2,70,10.8
796,31,93,4.2
797,11,57,2.4
798,51,49,10.0
799,72,73,10.6
800,22,60,6.2
801,58,79,3.6
802,53,35,10.1
803,6,24,8.2
804,66,31,8.3
805,79,36,5.8
806,76,42,5.1
807,4,24,4.2
808,88,19,5.8
809,76,47,0.7
810,81,15,8.3
811,12,88,8.6
812,5,39,4.5
813,64,74,6.6
814,81,55,3.4
815,45,76,3.5
816,32,1,8.5
817,75,3,4.1
818,40,8,6.6
819,76,57,1.8
820,26,35,0.9
821,39,30,7.4
822,47,30,0.0
823,58,33,1.0
824,49,70,2.2
825,36,70,3.8
826,24,93,8.7
827,97,18,3.0
828,18,97,4.9
829,73,28,7.1
830,82,69,1.8
831,67,34,9.5
832,68,48,4.3
833,18,87,5.9
834,48,0,9.8
835,57,7,0.9
836,29,77,9.6
837,14,34,6.7
838,67,99,1.6
839,28,41,5.6
840,70,8,7.9
841,84,67,9.6
842,67,93,5.1
843,50,48,5.7
844,3,94,0.2
845,23,64,3.5
846,49,99,9.7
847,41,4,5.8
848,61,37,5.8
849,2,73,0.4
850,99,46,9.1
851,2,39,9.2
852,15,64,6.9
853,73,44,0.1
854,32,39,4.8
855,29,56,6.9
856,68,26,9.4
857,60,87,3.3
858,59,52,5.9
859,76,4,8.8
860,30,63,0.9
861,32,87,9.6
862,84,15,4.8
863,7,30,2.5
864,1,76,2.1
865,83,59,2.9
866,30,91,2.2
867,83,47,1.2
868,80,68,2.0
869,83,13,9.0
870,54,16,1.4
871,82,72,6.7
872,35,99,9.0
873,25,80,2.5
874,40,67,2.3
875,63,45,0.2
876,35,6,10.5
877,9,21,2.5
878,17,22,9.9
879,43,62,5.3
880,85,50,7.1
881,12,95,10.5
882,55,47,6.0
883,60,33,5.8
884,70,30,6.1
885,61,15,5.9
886,37,74,5.1
887,78,70,5.1
888,45,65,3.4
889,44,61,10.5
890,21,64,0.9
891,38,79,7.7
892,58,22,8.8
893,57,56,10.6
894,1,39,7.9
895,56,94,10.9
896,41,44,4.5
897,26,50,7.2
898,1,32,6.4
899,34,78,6.4
900,99,8,7.4
901,14,74,0.3
902,74,68,6.8
903,16,23,1.5
904,87,79,8.0
905,42,0,5.2
906,14,22,9.0
907,77,17,6.6
908,4,60,0.7
909,46,1,8.3
910,26,27,1.0
911,55,92,0.6
912,73,6,6.3
913,21,63,10.3
914,16,38,8.3
915,53,1,7.9
916,71,11,10.0
917,3,79,3.6
918,87,57,10.6
919,11,91,10.7
920,96,63,4.3
921,57,16,2.8
922,72,80,4.0
923,59,26,7.9
924,28,99,0.6
925,66,10,10.1
926,46,83,10.0
927,28,93,2.4
928,63,5,3.6
929,27,30,6.3
930,34,14,4.0
931,62,87,10.1
932,79,6,4.2
933,31,62,0.6
934,95,16,2.5
935,4,50,2.3
936,37,42,7.6
937,65,94,7.7
938,47,63,4.2
939,22,69,1.9
940,43,6,3.4
941,67,96,7.2
942,57,90,2.9
943,93,52,3.3
944,17,38,2.3
945,96,45,4.0
946,92,0,10.7
947,62,17,10.3
948,62,9,4.1
949,26,65,7.0
950,76,35,0.2
951,37,33,7.0
952,59,63,3.8
953,64,51,6.9
954,64,51,8.4
955,64,22,7.8
956,55,43,6.3
957,95,53,7.5
958,37,87,1.0
959,26,76,0.6
960,54,0,6.7
961,69,13,10.6
962,53,34,9.7
963,52,91,9.2
964,85,47,10.2
965,21,27,0.7
966,60,71,8.1
967,19,78,6.1
968,57,85,0.4
969,56,1,8.5
970,97,54,5.0
971,28,39,5.1
972,26,80,10.5
973,37,81,6.3
974,86,18,5.5
975,67,77,3.6
976,82,55,6.1
977,57,71,8.9
978,65,89,3.5
979,72,27,5.0
980,65,45,7.3
981,67,29,0.7
982,17,87,1.6
983,70,53,6.7
984,12,80,10.3
985,39,37,5.1
986,99,27,9.0
987,88,22,10.9
988,29,90,9.0
989,43,55,5.0
990,63,85,8.7
991,86,75,8.0
992,8,52,2.3
993,58,24,4.4
994,52,4,3.7
995,77,21,0.5
996,21,55,7.7
997,18,62,5.7
998,30,94,4.8
999,58,36,6.5
1000,64,58,9.2
1001,73,50,3.7
1002,55,37,0.4
1003,75,82,0.9
1004,46,33,5.7
1005,2,57,8.7
1006,20,70,9.4
1007,24,84,10.2
1008,32,19,2.2
1009,22,52,4.0
1010,56,63,7.7
1011,23,89,9.8
1012,92,44,0.0
1013,67,33,4.0
1014,5,78,7.7
1015,41,65,0.1
1016,26,21,4.4
1017,95,6,6.8
1018,44,65,9.8
1019,83,36,1.8
1020,54,34,0.8
1021,30,13,3.3
1022,60,85,8.4
1023,24,74,9.0
1024,96,59,3.4
1025,47,75,2.5
1026,55,51,8.9
1027,65,72,2.5
1028,46,0,3.3
1029,26,35,8.8
1030,94,12,10.8
1031,66,53,4.0
1032,6,74,0.9
1033,5,67,2.5
1034,88,14,4.7
1035,40,54,10.2
1036,56,65,6.1
1037,78,1,0.2
1038,49,26,5.9
1039,15,85,1.0
1040,39,22,6.7
1041,33,18,1.1
1042,11,80,0.5
1043,58,75,0.6
1044,54,95,3.8
1045,78,61,0.8
1046,51,95,0.8
1047,71,32,8.7
1048,48,19,0.4
1049,67,33,5.3
1050,86,40,9.9
1051,33,28,7.7
1052,88,72,9.8
1053,81,31,6.6
1054,70,18,9.9
1055,18,86,5.0
1056,99,53,4.8
1057,49,30,6.8
1058,30,44,7.7
1059,69,52,9.8
1060,32,72,10.4
1061,25,37,6.0
1062,49,66,7.9
1063,9,30,6.3
1064,48,65,2.9
1065,91,44,8.3
1066,13,46,3.0
1067,73,28,10.3
1068,76,68,4.6
1069,67,99,7.3
1070,14,48,0.3
1071,78,30,5.3
1072,53,53,3.7
1073,58,66,0.2
1074,65,96,7.7
1075,43,74,1.7
1076,69,37,0.0
1077,98,30,5.0
1078,82,49,0.3
1079,78,9,7.5
1080,49,76,6.0
1081,81,24,6.2
1082,54,94,5.8
1083,32,83,2.9
1084,88,78,6.9
1085,36,17,8.4
1086,19,44,8.9
1087,39,67,9.4
1088,94,32,0.7
1089,3,58,10.8
1090,52,7,5.0
1091,41,94,3.8
1092,77,16,8.0
1093,76,47,0.3
1094,63,44,8.2
1095,36,11,3.2
1096,92,66,4.0
1097,72,2,0.6
1098,11,46,2.7
1099,32,43,1.0
1100,66,11,2.8
1101,34,75,0.3
1102,50,61,5.8
1103,79,75,8.2
1104,26,82,1.2
1105,88,48,0.7
1106,66,69,7.4
1107,35,73,1.9
1108,75,43,6.9
1109,66,90,9.4
1110,22,66,9.9
1111,57,55,1.7
1112,66,49,4.6
1113,22,36,4.1
1114,72,70,4.2
1115,7,30,1.6
1116,33,42,6.6
1117,26,28,6.5
1118,68,33,8.3
1119,65,75,7.7
1120,57,87,3.6
1121,80,73,6.9
1122,48,50,1.2
1123,99,12,9.2
1124,99,31,9.8
1125,13,47,4.3
1126,2,92,4.4
1127,73,37,4.9
1128,52,27,2.2
1129,98,48,10.4
1130,34,19,3.8
1131,83,57,5.5
1132,35,66,3.9
1133,37,86,3.2
1134,63,47,4.5
1135,22,80,9.0
1136,10,47,9.7
1137,22,56,7.0
1138,70,30,1.2
1139,93,16,4.5
1140,71,62,1.6
1141,95,34,0.4
1142,23,93,6.2
1143,6,60,1.2
1144,12,85,5.2
1145,69,83,4.2
1146,34,97,8.5
1147,11,63,0.3
1148,21,66,5.5
1149,66,24,10.5
1150,63,0,0.4
1151,67,42,1.5
1152,31,35,0.1
1153,72,46,8.2
1154,94,63,0.5
1155,32,31,9.8
1156,46,42,0.6
1157,70,78,5.2
1158,30,66,2.2
1159,16,40,9.0
1160,85,45,3.0
1161,45,95,7.1
1162,18,53,8.7
1163,34,87,9.4
1164,3,24,4.8
1165,63,36,5.9
1166,40,90,0.2
1167,73,28,9.9
1168,34,20,3.0
1169,70,13,3.4
1170,39,97,9.6
1171,48,52,9.3
1172,49,37,4.7
1173,33,66,2.6
1174,33,66,9.4
1175,59,77,2.5
1176,3,60,8.2
1177,31,16,2.9
1178,66,87,6.4
1179,86,14,3.0
1180,65,44,5.7
1181,30,48,10.3
1182,22,80,7.9
1183,70,13,5.2
1184,23,76,5.1
1185,31,67,9.7
1186,49,35,6.2
1187,1,72,10.5
1188,34,29,7.4
1189,21,75,7.8
1190,83,42,6.1
1191,99,33,10.9
1192,0,54,1.6
1193,74,37,0.2
1194,4,88,5.0
1195,65,63,4.2
1196,16,81,1.4
1197,30,50,6.5
1198,43,94,9.4
1199,76,35,9.5
1200,10,28,4.3
1201,80,78,3.4
1202,0,46,9.1
1203,67,84,0.6
1204,46,93,5.3
1205,27,35,3.1
1206,36,90,4.5
1207,11,67,5.1
1208,23,26,7.5
1209,34,92,7.5
1210,39,21,1.7
1211,15,70,9.6
1212,83,35,2.7
1213,92,36,6.4
1214,32,63,7.8
1215,49,70,10.7
1216,79,27,9.2
1217,13,26,0.2
1218,14,86,5.3
1219,17,43,5.2
1220,31,56,4.7
1221,65,40,4.3
1222,13,90,4.6
1223,39,91,3.5
1224,55,33,2.2
1225,18,29,5.8
1226,44,40,7.7
1227,50,61,10.5
1228,92,12,5.4
1229,89,69,6.4
1230,37,5,0.8
1231,41,4,4.1
1232,21,59,10.7
1233,60,4,6.7
1234,65,70,1.4
1235,69,31,9.7
1236,2,81,9.9
1237,88,55,10.7
1238,90,14,5.7
1239,87,5,4.3
1240,39,25,2.7
1241,97,37,5.6
1242,26,44,4.7
1243,25,58,0.8
1244,42,36,2.8
1245,89,65,8.7
1246,72,72,4.8
1247,44,33,5.3
1248,71,6,3.8
1249,26,43,8.8
1250,77,67,9.1
1251,95,68,7.5
1252,26,50,3.5
1253,52,23,1.1
1254,38,20,5.3
1255,65,34,4.5
1256,55,10,9.9
1257,73,33,3.4
1258,6,62,9.2
1259,47,10,3.1
1260,34,26,5.8
1261,24,77,8.2
1262,14,50,6.6
1263,38,38,3.9
1264,48,70,8.9
1265,84,49,3.7
1266,71,18,6.2
1267,8,77,5.8
1268,96,0,5.4
1269,10,28,9.1
1270,8,46,2.9
1271,50,7,2.7
1272,17,27,2.5
1273,87,73,3.7
1274,19,65,5.2
1275,84,20,4.5
1276,9,96,10.2
1277,70,31,1.2
1278,44,78,4.4
1279,95,23,8.3
1280,78,54,4.4
1281,84,77,6.9
1282,58,91,10.6
1283,5,66,5.6
1284,16,46,6.6
1285,35,69,2.2
1286,21,97,10.0
1287,4,64,4.6
1288,51,47,10.8
1289,22,27,6.7
1290,88,59,10.5
1291,49,52,9.6
1292,45,61,10.7
1293,68,8,4.2
1294,46,76,0.2
1295,12,21,7.7
1296,14,39,1.6
1297,56,88,1.9
1298,32,87,3.0
1299,72,23,0.2
1300,43,86,10.2
1301,15,92,3.8
1302,13,81,0.1
1303,31,39,3.0
1304,53,39,8.2
1305,34,27,5.6
1306,56,86,7.3
1307,52,21,10.2
1308,24,80,7.4
1309,68,58,3.2
1310,24,48,5.3
1311,64,91,1.6
1312,10,29,1.8
1313,72,89,2.1
1314,19,72,6.5
1315,85,63,4.5
1316,99,57,7.2
1317,28,57,5.4
1318,8,45,3.7
1319,29,41,0.1
1320,30,6,6.9
1321,61,86,4.4
1322,57,4,0.2
1323,62,13,1.0
1324,15,31,9.7
1325,60,35,4.8
1326,86,74,7.2
1327,58,49,8.5
1328,45,29,6.0
1329,77,11,3.7
1330,6,40,8.2
1331,52,11,2.2
1332,46,55,3.7
1333,66,84,2.9
1334,37,9,1.9
1335,98,39,7.8
1336,67,28,6.1
1337,49,13,6.3
1338,39,68,3.2
1339,4,62,9.3
1340,73,0,3.5
1341,32,50,2.5
1342,87,24,7.7
1343,68,57,8.9
1344,69,18,10.5
1345,92,31,9.3
1346,35,64,3.3
1347,87,0,0.5
1348,20,31,3.9
1349,84,0,5.4
1350,28,69,9.0
1351,9,76,5.5
1352,0,72,0.3
1353,44,33,7.5
1354,42,38,3.1
1355,27,38,7.5
1356,8,31,10.4
1357,19,33,1.3
1358,4,44,1.2
1359,34,63,1.2
1360,4,61,8.1
1361,77,7,2.6
1362,44,92,1.5
1363,63,18,1.2
1364,19,68,0.7
1365,15,26,8.6
1366,4,34,1.8
1367,40,39,8.2
1368,6,50,2.0
1369,21,37,4.9
1370,2,72,0.9
1371,3,56,10.3
1372,59,75,0.3
1373,67,88,7.8
1374,23,60,1.8
1375,53,4,2.6
1376,62,95,5.1
1377,59,54,3.8
1378,68,50,8.6
1379,37,33,4.0
1380,63,18,7.1
1381,19,52,7.8
1382,24,85,3.0
1383,82,57,9.1
1384,61,84,10.5
1385,2,38,3.6
1386,84,47,5.8
1387,36,78,3.7
1388,95,40,0.5
1389,36,29,8.7
1390,55,17,2.5
1391,25,65,10.4
1392,56,61,8.7
1393,19,39,5.9
1394,28,27,7.6
1395,86,37,1.2
1396,90,23,8.5
1397,3,92,3.9
1398,72,8,5.1
1399,7,72,9.4
1400,33,31,2.5
1401,67,89,1.2
1402,1,65,1.3
1403,22,47,2.6
1404,67,22,2.7
1405,13,81,8.8
1406,36,51,1.6
1407,19,27,6.6
1408,51,5,0.6
1409,70,47,2.3
1410,42,41,5.7
1411,96,64,0.2
1412,47,24,8.6
1413,79,11,5.2
1414,2,90,6.8
1415,7,69,10.1
1416,42,26,0.2
1417,82,15,9.6
1418,58,32,10.1
1419,2,28,1.3
1420,49,48,0.3
1421,77,28,1.2
1422,94,43,8.3
1423,34,20,2.4
1424,71,24,6.5
1425,19,34,0.9
1426,59,61,7.5
1427,28,32,4.6
1428,59,29,6.7
1429,19,45,4.2
1430,26,37,9.3
1431,21,73,1.7
1432,67,33,10.1
1433,40,86,3.8
1434,31,17,10.8
1435,44,22,0.2
1436,45,30,9.8
1437,76,22,10.0
1438,46,82,8.1
1439,27,88,6.8
1440,71,12,4.5
1441,68,99,3.6
1442,12,70,1.4
1443,75,83,6.9
1444,35,65,8.4
1445,49,84,3.1
1446,2,62,9.7
1447,45,21,10.7
1448,45,21,9.2
1449,5,53,3.4
1450,69,65,9.1
1451,87,10,0.1
1452,57,1,0.8
1453,43,32,7.8
1454,81,65,0.8
1455,23,86,7.0
1456,87,51,4.5
1457,85,73,1.2
1458,82,79,6.8
1459,61,78,2.3
1460,85,20,9.0
1461,35,60,2.2
1462,62,79,5.3
1463,99,22,9.6
1464,90,57,5.9
1465,97,60,0.0
1466,63,72,6.3
1467,88,17,8.9
1468,91,59,3.8
1469,54,78,2.2
1470,54,68,10.4
1471,28,79,2.4
1472,50,86,3.4
1473,62,58,7.6
1474,19,64,5.8
1475,98,42,0.6
1476,27,42,4.5
1477,1,86,8.6
1478,78,3,3.3
1479,18,48,4.5
1480,61,31,5.1
1481,37,94,4.5
1482,35,86,9.4
1483,79,7,0.5
1484,84,43,5.2
1485,39,99,7.3
1486,59,3,3.0
1487,50,63,2.8
1488,50,87,5.9
1489,70,18,9.0
1490,73,67,6.5
1491,72,35,4.6
1492,6,49,4.5
1493,89,45,4.9
1494,63,55,10.4
1495,12,50,4.6
1496,45,80,3.0
1497,38,80,3.1
1498,43,67,7.0
1499,15,52,6.7
1500,19,70,7.8
1501,66,47,3.4
1502,62,58,4.6
1503,78,34,3.5
1504,3,52,3.8
1505,35,58,0.2
1506,8,78,3.4
1507,11,85,6.7
1508,14,20,3.7
1509,52,28,4.7
1510,31,30,7.4
1511,89,43,6.9
1512,62,92,1.5
1513,19,64,3.6
1514,87,23,5.5
1515,43,10,6.7
1516,39,17,4.6
1517,67,77,2.7
1518,53,25,3.7
1519,0,45,6.6
1520,32,56,4.4
1521,7,99,8.5
1522,34,72,4.8
1523,85,68,6.3
1524,19,91,7.7
1525,0,66,4.9
1526,42,67,1.0
1527,75,89,9.0
1528,78,80,6.8
1529,62,64,6.6
1530,93,64,3.6
1531,98,35,3.2
1532,22,96,7.1
1533,94,7,5.5
1534,76,29,10.5
1535,33,91,6.5
1536,66,17,5.1
1537,58,4,5.2
1538,49,77,7.8
1539,37,22,9.2
1540,39,54,5.1
1541,90,1,4.3
1542,27,27,5.6
1543,33,34,6.5
1544,48,65,6.2
1545,33,22,1.4
1546,98,54,3.7
1547,78,65,10.5
1548,92,23,6.4
1549,21,38,7.5
1550,76,48,10.2
1551,32,6,9.7
1552,0,88,4.6
1553,10,63,9.8
1554,30,67,8.5
1555,77,41,9.8
1556,44,98,6.5
1557,38,47,5.1
1558,49,97,9.7
1559,71,66,1.0
1560,94,64,4.6
1561,60,29,1.2
1562,32,44,9.3
1563,96,22,10.7
1564,67,38,10.5
1565,11,87,7.5
1566,65,63,5.3
1567,70,64,7.9
1568,60,32,4.6
1569,97,65,3.9
1570,28,67,1.3
1571,36,97,4.9
1572,0,25,8.2
1573,3,27,8.6
1574,48,64,9.5
1575,92,0,5.6
1576,81,31,0.5
1577,19,71,5.8
1578,56,80,6.0
1579,79,74,2.7
1580,44,81,1.3
1581,84,53,7.6
1582,30,73,9.6
1583,49,9,0.1
1584,40,80,6.5
1585,94,37,0.2
1586,54,84,6.1
1587,60,48,7.5
1588,11,79,3.6
1589,82,46,7.1
1590,24,33,4.8
1591,66,25,4.8
1592,26,62,1.3
1593,14,53,1.5
1594,24,25,1.5
1595,72,56,0.2
1596,95,14,4.6
1597,24,95,1.0
1598,34,91,10.8
1599,41,94,4.8
1600,0,32,6.7
1601,83,77,2.7
1602,61,88,2.6
1603,77,48,9.9
1604,4,99,10.1
1605,22,58,3.2
1606,12,96,8.2
1607,67,48,2.8
1608,45,9,4.9
1609,6,89,0.6
1610,66,88,3.4
1611,79,47,8.8
1612,11,67,2.9
1613,0,83,10.4
1614,47,52,0.5
1615,41,70,10.8
1616,70,79,1.5
1617,4,40,1.5
1618,60,91,3.4
1619,90,2,4.3
1620,33,29,3.5
1621,61,77,6.8
1622,55,67,7.8
1623,67,51,4.7
1624,26,30,5.8
1625,69,31,0.8
1626,19,95,1.1
1627,76,73,5.5
1628,74,1,3.5
1629,99,26,10.0
1630,21,67,10.1
1631,78,77,8.2
1632,78,84,7.6
1633,24,34,3.0
1634,58,30,5.8
1635,52,81,4.8
1636,48,78,1.9
1637,16,88,10.1
1638,86,23,7.3
1639,66,97,1.6
1640,51,83,2.6
1641,23,88,9.2
1642,77,46,5.2
1643,78,52,0.1
1644,13,88,5.5
1645,17,42,6.8
1646,99,42,5.7
1647,38,52,7.4
1648,55,15,7.2
1649,39,35,4.3
1650,74,15,9.3
1651,55,6,8.0
1652,20,51,7.2
1653,14,73,4.5
1654,11,53,3.4
1655,29,21,1.9
1656,14,25,8.4
1657,82,29,9.6
1658,28,93,4.0
1659,54,83,2.9
1660,11,30,7.1
1661,94,47,6.4
1662,50,7,10.4
1663,32,14,5.4
1664,11,43,10.5
1665,89,39,0.6
1666,71,4,9.2
1667,63,50,1.3
1668,51,90,10.6
1669,34,70,10.7
1670,56,33,7.6
1671,37,59,0.5
1672,24,21,3.8
1673,16,87,5.6
1674,77,65,0.9
1675,10,94,1.4
1676,90,27,9.5
1677,53,95,5.0
1678,30,72,1.4
1679,42,98,8.2
1680,49,4,7.8
1681,56,43,0.6
1682,80,39,3.9
1683,44,79,2.8
1684,41,43,2.7
1685,69,18,8.0
1686,62,55,0.7
1687,70,6,0.8
1688,63,63,0.0
1689,43,53,10.3
1690,50,8,3.4
1691,10,32,9.3
1692,35,93,3.8
1693,21,67,2.1
1694,74,56,9.7
1695,37,9,2.4
1696,40,56,3.0
1697,60,3,5.5
1698,6,72,2.7
1699,94,0,1.8
1700,96,33,6.3
1701,62,95,7.9
1702,4,55,0.3
1703,76,5,3.9
1704,3,56,9.0
1705,42,28,6.3
1706,75,72,10.6
1707,50,11,4.3
1708,83,69,1.8
1709,88,77,10.4
1710,97,45,3.1
1711,50,40,7.6
1712,2,78,5.2
1713,94,21,3.9
1714,54,21,4.8
1715,88,67,2.8
1716,46,0,0.9
1717,27,66,0.1
1718,33,92,3.6
1719,50,64,1.2
1720,54,17,6.5
1721,18,92,4.8
1722,52,83,6.9
1723,74,77,2.5
1724,27,72,3.4
1725,53,35,4.3
1726,35,7,8.8
1727,80,52,7.4
1728,29,70,3.1
1729,65,15,2.9
1730,51,59,4.1
1731,62,54,3.7
1732,99,56,9.6
1733,94,30,1.4
1734,25,27,8.2
1735,69,91,7.2
1736,76,1,4.7
1737,18,59,3.6
1738,55,56,3.2
1739,97,53,2.6
1740,64,13,3.3
1741,19,45,10.1
1742,81,12,6.8
1743,20,98,0.1
1744,71,20,8.5
1745,39,2,1.1
1746,75,27,5.7
1747,29,26,6.4
1748,22,40,9.4
1749,1,72,10.0
1750,38,8,4.1
1751,45,85,1.2
1752,91,30,2.9
1753,15,84,4.9
1754,49,84,7.0
1755,40,93,6.5
1756,33,22,9.5
1757,72,33,4.6
1758,49,10,3.4
1759,57,49,9.2
1760,94,8,1.4
1761,38,0,10.0
1762,9,36,0.9
1763,80,70,9.7
1764,91,61,9.5
1765,22,25,0.8
1766,35,35,1.0
1767,32,42,2.6
1768,24,98,6.8
1769,74,73,7.9
1770,81,11,3.7
1771,81,10,1.5
1772,43,88,4.9
1773,93,37,4.4
1774,73,51,7.7
1775,8,76,9.5
1776,41,75,4.6
1777,93,45,6.8
1778,23,42,3.9
1779,8,71,1.7
1780,86,46,1.3
1781,76,59,10.8
1782,97,14,9.6
1783,56,2,2.2
1784,23,61,0.6
1785,54,21,5.8
1786,17,65,7.2
1787,46,56,3.1
1788,55,43,5.4
1789,79,58,1.5
1790,35,50,4.3
1791,31,26,5.3
1792,87,57,7.6
1793,91,38,6.5
1794,87,12,10.6
1795,30,66,5.9
1796,28,49,6.0
1797,68,81,3.5
1798,82,75,9.3
1799,89,53,6.0
1800,50,44,10.4
1801,81,75,10.8
1802,13,72,4.0
1803,77,40,3.1
1804,74,36,6.5
1805,56,65,10.1
1806,56,99,9.2
1807,74,33,1.0
1808,72,14,3.5
1809,78,1,2.1
1810,10,86,1.2
1811,35,45,6.9
1812,8,60,9.6
1813,21,31,6.3
1814,22,87,8.2
1815,34,58,1.7
1816,77,40,10.7
1817,16,87,7.0
1818,66,95,0.0
1819,88,6,4.2
1820,59,47,2.5
1821,75,49,3.7
1822,39,16,5.5
1823,24,63,5.1
1824,4,98,7.9
1825,1,80,4.3
1826,22,76,9.5
1827,98,60,4.8
1828,81,42,3.7
1829,83,57,8.6
1830,5,58,0.3
1831,35,20,9.8
1832,67,88,4.9
1833,47,22,9.2
1834,18,88,0.2
1835,3,52,2.8
1836,84,79,4.8
1837,65,92,1.7
1838,32,43,7.6
1839,32,85,2.2
1840,52,35,5.1
1841,38,82,8.2
1842,33,86,7.9
1843,19,27,2.7
1844,50,63,5.5
1845,53,55,7.7
1846,7,95,5.8
1847,93,69,6.4
1848,84,11,4.7
1849,49,11,6.4
1850,90,24,7.4
1851,7,75,4.4
1852,64,28,0.9
1853,87,76,4.8
1854,81,57,0.1
1855,77,10,0.8
1856,95,23,0.1
1857,21,27,4.6
1858,17,68,2.1
1859,88,76,8.1
1860,20,51,10.1
1861,29,24,9.3
1862,61,99,6.4
1863,46,76,5.4
1864,55,18,8.2
1865,22,51,8.9
1866,68,57,4.8
1867,76,59,4.1
1868,82,48,10.3
1869,56,58,5.5
1870,24,22,4.0
1871,31,64,10.2
1872,57,57,10.1
1873,30,95,5.6
1874,48,94,1.9
1875,12,22,0.3
1876,37,60,10.3
1877,49,40,6.3
1878,49,86,1.5
1879,43,42,8.3
1880,92,51,7.6
1881,40,9,4.2
1882,77,53,7.2
1883,65,10,2.2
1884,44,51,2.0
1885,58,42,1.8
1886,11,68,2.6
1887,62,76,0.9
1888,79,14,7.2
1889,70,48,2.2
1890,60,62,3.2
1891,74,4,8.6
1892,51,26,6.9
1893,55,96,3.9
1894,60,12,10.1
1895,94,60,3.5
1896,37,97,9.4
1897,78,74,3.1
1898,72,32,9.4
1899,64,74,7.1
1900,54,94,6.5
1901,21,34,9.3
1902,21,78,5.2
1903,57,82,2.6
1904,3,85,8.8
1905,19,95,8.8
1906,27,37,3.1
1907,32,72,10.9
1908,72,17,8.2
1909,7,81,2.4
1910,29,46,8.2
1911,3,60,5.9
1912,87,17,7.1
1913,28,25,9.9
1914,40,55,1.9
1915,74,49,1.5
1916,40,80,5.4
1917,95,62,1.6
1918,6,55,6.2
1919,11,41,10.6
1920,34,59,6.8
1921,6,41,5.0
1922,34,44,3.4
1923,73,80,2.6
1924,83,14,10.0
1925,43,92,2.6
1926,2,31,8.5
1927,32,98,8.7
1928,67,15,4.0
1929,56,74,7.3
1930,28,95,4.9
1931,9,46,7.7
1932,16,27,0.7
1933,98,25,6.9
1934,28,82,8.9
1935,60,11,6.2
1936,2,35,10.5
1937,32,60,9.6
1938,49,22,9.5
1939,89,52,9.4
1940,14,57,1.7
1941,40,97,7.8
1942,31,10,6.2
1943,39,3,3.2
1944,90,20,4.3
1945,5,48,8.6
1946,18,79,8.9
1947,68,80,9.7
1948,15,99,7.9
1949,21,48,10.7
1950,59,86,7.4
1951,15,53,6.7
1952,95,1,1.9
1953,25,75,1.2
1954,41,44,6.3
1955,70,87,8.6
1956,26,60,1.6
1957,18,95,5.2
1958,31,60,9.6
1959,87,19,8.4
1960,22,68,0.6
1961,89,8,10.6
1962,54,13,7.9
1963,75,79,3.9
1964,77,68,5.2
1965,83,2,3.6
1966,3,27,4.8
1967,87,34,8.6
1968,72,2,5.0
1969,96,21,8.7
1970,68,58,9.7
1971,11,72,7.9
1972,83,18,3.7
1973,71,48,2.8
1974,62,16,8.4
1975,40,92,0.9
1976,96,62,7.5
1977,56,33,5.1
1978,23,87,10.3
1979,11,79,7.1
1980,8,81,7.4
1981,45,85,7.3
1982,42,40,7.5
1983,60,21,4.7
1984,64,9,5.3
1985,66,68,9.5
1986,7,95,7.9
1987,58,69,2.5
1988,2,26,1.5
1989,6,54,10.0
1990,26,32,9.4
1991,32,63,9.5
1992,12,26,7.0
1993,75,87,3.3
1994,47,7,6.4
1995,59,70,10.2
1996,34,21,1.3
1997,51,90,2.1
1998,13,85,4.1
1999,92,34,10.6
2000,91,63,2.5
2001,63,6,4.3
2002,62,56,9.4
2003,67,41,4.2
2004,36,31,6.1
2005,85,52,6.1
2006,34,68,10.8
2007,98,29,7.6
2008,77,5,2.3
2009,66,57,9.5
2010,93,20,8.6
2011,27,48,8.4
2012,83,61,5.6
2013,83,6,9.7
2014,5,61,9.7
2015,86,63,3.2
2016,85,65,6.3
2017,30,23,8.3
2018,42,93,5.2
2019,0,67,2.9
2020,58,30,10.5
2021,93,29,8.3
2022,18,68,7.8
2023,6,69,6.2
2024,96,49,3.3
2025,7,66,5.6
2026,59,88,10.4
2027,91,39,7.2
2028,2,56,0.8
2029,39,99,4.0
2030,7,91,10.7
2031,21,82,7.3
2032,46,84,10.1
2033,54,72,9.0
2034,31,91,0.3
2035,38,73,8.1
2036,96,64,8.4
2037,48,50,2.1
2038,19,65,4.8
2039,51,85,5.5
2040,24,96,8.2
2041,71,7,4.0
2042,94,63,9.9
2043,94,66,7.9
2044,39,6,8.9
2045,58,87,6.4
2046,36,13,3.2
2047,16,65,2.7
2048,84,51,7.1
2049,61,20,1.8
2050,68,21,8.4
2051,75,88,8.3
2052,49,76,9.5
2053,73,14,4.2
2054,4,38,6.6
2055,53,72,2.1
2056,25,43,10.1
2057,53,36,8.0
2058,7,34,7.8
2059,57,62,4.4
2060,21,99,2.8
2061,59,70,6.2
2062,14,50,5.2
2063,9,68,4.0
2064,25,64,10.3
2065,40,36,6.3
2066,42,33,9.4
2067,32,32,3.9
2068,36,4,2.9
2069,16,76,4.1
2070,24,55,3.5
2071,21,78,4.7
2072,23,97,3.0
2073,15,61,1.2
2074,66,59,0.5
2075,64,38,7.4
2076,67,96,3.2
2077,98,69,8.1
2078,2,26,6.5
2079,65,83,6.1
2080,55,58,9.2
2081,83,42,2.8
2082,20,35,8.4
2083,35,35,5.6
2084,24,84,10.4
2085,57,25,7.6
2086,5,85,9.6
2087,30,6,3.9
2088,60,73,1.9
2089,99,15,3.7
2090,77,64,6.9
2091,89,53,0.8
2092,93,68,10.8
2093,20,48,3.3
2094,62,83,7.0
2095,73,32,6.5
2096,59,80,8.8
2097,13,52,1.1
2098,51,35,1.0
2099,65,96,7.4
2100,74,58,0.3
2101,86,35,2.7
2102,15,88,4.8
2103,46,88,6.0
2104,30,71,8.8
2105,62,40,10.1
2106,43,17,0.6
2107,18,67,5.7
2108,60,97,8.3
2109,37,33,7.5
2110,27,35,6.1
2111,96,21,10.1
2112,27,32,5.2
2113,3,43,6.8
2114,60,74,2.1
2115,79,60,9.5
2116,16,94,8.6
2117,60,37,3.4
2118,27,85,5.1
2119,71,39,9.8
2120,16,25,2.0
2121,43,89,7.2
2122,9,72,1.7
2123,51,36,2.1
2124,15,70,6.5
2125,22,39,9.6
2126,80,66,3.1
2127,93,59,1.4
2128,94,23,3.5
2129,83,6,7.1
2130,27,37,0.8
2131,51,96,6.5
2132,38,72,5.3
2133,39,77,4.8
2134,71,71,10.3
2135,74,33,5.1
2136,62,38,3.7
2137,40,98,2.9
2138,94,50,0.7
2139,10,77,8.5
2140,86,54,3.4
2141,1,98,7.3
2142,8,90,8.8
2143,42,61,10.7
2144,61,14,3.8
2145,30,69,7.9
2146,71,52,5.2
2147,76,47,9.4
2148,48,96,3.2
2149,2,32,4.7
2150,41,2,4.0
2151,23,69,2.5
2152,48,87,6.2
2153,81,7,1.0
2154,91,62,7.0
2155,73,17,4.0
2156,37,37,8.9
2157,94,33,0.6
2158,67,70,2.6
2159,52,62,8.7
2160,24,91,5.6
2161,99,17,7.7
2162,49,41,7.9
2163,64,87,7.3
2164,94,9,1.1
2165,97,20,5.6
2166,17,24,5.4
2167,63,8,2.3
2168,3,20,6.6
2169,63,35,4.4
2170,34,17,1.6
2171,13,47,0.5
2172,58,12,10.8
2173,8,99,3.1
2174,32,34,10.0
2175,1,21,8.6
2176,74,84,3.4
2177,13,33,1.7
2178,0,83,9.8
2179,68,93,1.9
2180,78,84,0.3
2181,44,46,8.6
2182,14,38,1.6
2183,42,36,3.4
2184,70,89,7.0
2185,10,56,3.0
2186,10,21,5.9
2187,19,46,9.3
2188,94,18,7.1
2189,27,88,0.1
2190,7,60,4.4
2191,90,26,3.5
2192,51,27,4.5
2193,94,30,7.1
2194,91,13,10.8
2195,84,5,8.7
2196,17,84,2.8
2197,2,51,6.4
2198,49,75,7.0
2199,52,29,4.0
2200,7,81,1.4
2201,82,25,9.2
2202,61,54,10.6
2203,9,82,6.9
2204,42,97,4.7
2205,61,79,6.2
2206,89,0,10.5
2207,5,72,6.8
2208,92,36,3.3
2209,56,97,2.3
2210,75,48,2.0
2211,63,21,9.5
2212,72,19,3.1
2213,0,43,7.0
2214,29,92,9.4
2215,58,74,6.4
2216,55,71,1.8
2217,40,39,5.5
2218,8,66,1.1
2219,67,38,3.4
2220,24,36,8.4
2221,46,95,1.5
2222,60,49,2.6
2223,20,72,3.1
2224,87,19,7.7
2225,76,9,8.8
2226,67,91,0.3
2227,18,22,6.5
2228,69,58,1.4
2229,95,47,4.2
2230,9,93,8.3
2231,4,35,4.6
2232,74,18,0.7
2233,88,24,6.7
2234,57,87,5.8
2235,9,53,6.1
2236,83,47,5.8
2237,2,84,0.5
2238,61,5,10.0
2239,56,10,9.5
2240,52,25,2.3
2241,50,73,2.1
2242,2,63,1.9
2243,46,61,6.5
2244,71,61,9.8
2245,59,90,10.5
2246,55,31,6.1
2247,8,40,8.1
2248,80,14,9.4
2249,69,25,2.1
2250,36,42,9.8
2251,88,76,5.0
2252,54,43,9.9
2253,94,21,7.1
2254,10,92,2.1
2255,49,90,0.0
2256,73,56,1.4
2257,85,53,8.5
2258,9,73,5.5
2259,76,34,4.5
2260,53,10,10.6
2261,81,35,10.1
2262,94,64,7.0
2263,26,85,7.4
2264,65,72,7.7
2265,30,92,0.0
2266,39,84,8.2
2267,48,98,3.9
2268,46,68,6.8
2269,77,20,0.8
2270,96,55,8.8
2271,50,94,3.3
2272,44,10,2.8
2273,19,56,0.1
2274,69,37,6.4
2275,61,52,1.4
2276,86,71,7.1
2277,53,2,2.2
2278,92,11,4.1
2279,79,42,6.0
2280,17,42,7.7
2281,76,43,5.5
2282,29,79,2.7
2283,28,23,5.0
2284,61,84,8.5
2285,70,27,8.9
2286,35,87,8.2
2287,45,25,10.3
2288,44,85,9.8
2289,82,46,1.7
2290,43,29,6.6
2291,74,88,3.3
2292,30,34,9.8
2293,56,84,1.4
2294,75,68,9.3
2295,71,78,5.9
2296,9,92,6.3
2297,41,35,5.4
2298,91,23,1.2
2299,81,75,9.6
2300,93,33,7.8
2301,39,65,10.8
2302,37,23,4.4
2303,30,4,6.4
2304,58,55,1.3
2305,75,65,7.7
2306,11,57,9.5
2307,55,96,6.6
2308,32,25,10.7
2309,66,38,9.8
2310,23,38,3.0
2311,54,60,3.5
2312,0,77,10.3
2313,50,5,9.7
2314,41,75,10.2
2315,60,58,4.2
2316,30,64,1.9
2317,88,13,3.3
2318,30,51,5.0
2319,58,12,5.2
2320,12,96,0.0
2321,14,76,4.5
2322,30,88,3.4
2323,57,82,6.6
2324,57,99,0.5
2325,14,49,3.9
2326,43,14,6.4
2327,42,60,6.4
2328,85,33,0.6
2329,81,57,3.5
2330,59,30,0.1
2331,70,24,4.4
2332,39,92,6.9
2333,24,74,8.8
2334,74,39,7.6
2335,59,24,7.9
2336,56,89,8.8
2337,34,11,8.9
2338,48,59,3.3
2339,63,75,4.3
2340,85,44,6.1
2341,60,90,7.8
2342,45,87,0.2
2343,43,15,0.4
2344,44,18,6.5
2345,59,48,0.7
2346,41,59,7.4
2347,82,16,7.4
2348,3,48,2.3
2349,53,89,4.8
2350,72,78,4.9
2351,25,21,9.1
2352,95,39,3.9
2353,78,77,3.5
2354,38,9,10.3
2355,1,91,3.8
2356,61,91,5.6
2357,30,37,5.3
2358,45,46,1.8
2359,99,20,8.4
2360,48,12,9.5
2361,6,77,8.2
2362,77,82,5.7
2363,96,50,5.3
2364,68,82,3.3
2365,21,92,1.8
2366,16,99,0.8
2367,94,45,3.5
2368,35,50,10.0
2369,3,64,8.7
2370,91,38,3.4
2371,19,77,6.4
2372,67,60,8.8
2373,40,35,6.0
2374,22,30,6.6
2375,88,54,10.8
2376,9,66,1.9
2377,59,99,4.4
2378,35,13,10.5
2379,98,20,6.3
2380,29,80,4.0
2381,64,37,0.6
2382,81,20,5.5
2383,79,6,1.1
2384,11,92,3.4
2385,91,62,4.7
2386,57,75,7.6
2387,24,87,0.7
2388,50,63,3.8
2389,40,20,1.6
2390,1,44,6.9
2391,79,43,1.2
2392,82,74,5.7
2393,79,23,5.1
2394,72,49,7.2
2395,41,80,9.6
2396,67,84,1.9
2397,20,78,9.2
2398,62,30,8.6
2399,12,53,2.0
2400,30,46,5.8
2401,13,31,2.9
2402,26,72,7.8
2403,70,16,0.9
2404,27,89,8.1
2405,10,62,9.5
2406,72,35,8.9
2407,40,51,4.7
2408,40,49,5.6
2409,49,67,10.8
2410,13,60,2.3
2411,98,63,1.7
2412,1,97,1.1
2413,50,75,3.6
2414,89,12,7.8
2415,71,50,7.1
2416,93,0,10.1
2417,53,98,1.9
2418,63,9,10.0
2419,11,89,6.2
2420,54,58,9.1
2421,57,27,3.5
2422,19,63,6.8
2423,10,61,4.3
2424,63,40,7.2
2425,82,68,5.3
2426,31,21,10.7
2427,79,87,7.7
2428,70,58,3.6
2429,23,64,2.5
2430,16,58,2.2
2431,89,57,0.1
2432,85,79,8.8
2433,63,98,0.5
2434,12,84,8.2
2435,37,49,6.3
2436,46,87,9.5
2437,81,47,2.7
2438,27,63,2.7
2439,70,38,7.2
2440,48,59,3.0
2441,24,94,4.8
2442,29,95,8.9
2443,58,58,5.8
2444,13,38,6.6
2445,88,42,7.0
2446,70,12,1.6
2447,74,22,6.6
2448,59,50,9.0
2449,88,64,5.1
2450,24,32,3.9
2451,27,78,7.5
2452,31,35,1.3
2453,70,71,2.5
2454,74,45,10.0
2455,90,32,6.0
2456,19,55,1.9
2457,95,19,4.3
2458,78,73,0.1
2459,69,29,6.4
2460,45,48,3.0
2461,13,24,4.9
2462,39,77,7.5
2463,42,8,2.0
2464,9,43,10.9
2465,37,62,3.6
2466,67,1,6.8
2467,36,97,10.3
2468,33,70,5.0
2469,31,90,6.3
2470,40,29,0.5
2471,70,59,5.9
2472,52,68,5.8
2473,2,50,9.7
2474,32,8,0.5
2475,1,33,4.7
2476,34,38,1.0
2477,65,83,3.9
2478,30,74,0.9
2479,35,76,10.3
2480,91,32,8.5
2481,77,69,8.1
2482,52,91,2.7
2483,67,74,7.7
2484,40,55,8.5
2485,96,24,4.7
2486,65,38,3.5
2487,16,39,5.5
2488,36,95,1.3
2489,56,52,7.3
2490,72,75,9.3
2491,79,74,7.6
2492,1,79,8.0
2493,8,43,8.6
2494,37,80,7.2
2495,31,40,9.9
2496,6,52,4.2
2497,58,12,1.6
2498,52,80,6.9
2499,73,61,4.4
2500,56,54,5.1
2501,75,67,5.2
2502,74,81,4.4
2503,47,41,10.6
2504,36,47,1.9
2505,95,26,6.4
2506,12,23,1.3
2507,90,42,1.8
2508,34,10,9.7
2509,24,58,1.8
2510,47,59,5.2
2511,3,37,3.4
2512,43,90,10.5
2513,75,46,0.6
2514,45,83,8.8
2515,30,27,1.6
2516,63,25,4.9
2517,71,44,1.9
2518,67,98,5.2
2519,6,32,10.7
2520,7,71,9.0
2521,39,71,6.5
2522,27,81,8.2
2523,87,19,0.7
2524,49,33,10.7
2525,45,22,0.8
2526,34,89,0.6
2527,44,22,7.8
2528,84,46,1.9
2529,95,4,10.2
2530,92,49,1.1
2531,0,53,10.3
2532,95,63,10.4
2533,73,89,6.2
2534,96,28,1.6
2535,33,45,5.4
2536,21,64,4.1
2537,30,74,5.0
2538,56,57,7.0
2539,45,88,4.7
2540,68,61,1.5
2541,96,62,1.5
2542,24,59,0.2
2543,54,56,3.8
2544,81,48,0.9
2545,31,93,10.2
2546,62,48,7.8
2547,60,87,4.5
2548,60,8,6.0
2549,74,63,3.9
2550,60,62,10.3
2551,36,60,0.9
2552,77,78,2.8
2553,27,94,0.0
2554,3,84,5.9
2555,70,58,5.0
2556,61,47,6.4
2557,50,44,0.3
2558,71,11,4.4
2559,90,12,3.1
2560,12,70,3.0
2561,14,53,10.3
2562,93,54,6.1
2563,50,56,4.7
2564,24,58,7.1
2565,71,53,4.8
2566,70,57,9.6
2567,95,68,6.5
2568,23,96,4.3
2569,61,77,6.6
2570,50,45,10.8
2571,15,64,0.5
2572,25,20,2.7
2573,3,97,9.3
2574,42,38,0.0
2575,82,77,8.1
2576,89,47,0.2
2577,78,30,0.9
2578,47,84,8.2
2579,12,94,10.3
2580,21,26,8.5
2581,68,18,8.2
2582,76,79,9.7
2583,16,97,6.9
2584,48,26,9.4
2585,24,90,7.2
2586,43,64,10.8
2587,37,87,3.3
2588,61,94,5.5
2589,63,38,8.4
2590,34,45,6.9
2591,10,36,3.9
2592,61,75,5.5
2593,65,83,8.4
2594,7,43,3.4
2595,43,5,8.1
2596,85,32,1.5
2597,24,78,3.7
2598,41,20,10.7
2599,6,98,9.4
2600,26,31,6.5
2601,63,10,9.8
2602,49,58,5.3
2603,91,63,9.0
2604,72,51,2.8
2605,3,75,2.5
2606,64,61,0.5
2607,54,53,8.5
2608,51,39,1.9
2609,33,75,6.3
2610,92,69,5.2
2611,18,32,10.1
2612,91,36,8.5
2613,9,30,6.5
2614,13,65,10.4
2615,94,31,3.7
2616,39,20,6.1
2617,60,79,9.2
2618,7,21,2.7
2619,7,71,3.2
2620,35,12,0.7
2621,58,99,0.1
2622,95,15,6.0
2623,20,85,0.4
2624,38,35,1.8
2625,57,72,10.6
2626,35,36,0.3
2627,78,49,0.9
2628,58,90,1.3
2629,88,3,3.1
2630,73,59,4.6
2631,11,57,8.6
2632,45,37,4.9
2633,52,92,8.5
2634,96,66,8.5
2635,81,28,9.9
2636,29,71,6.1
2637,7,59,0.8
2638,44,68,5.8
2639,5,63,3.2
2640,24,20,7.2
2641,55,10,0.9
2642,56,50,4.1
2643,22,28,10.7
2644,58,80,10.1
2645,0,93,10.5
2646,15,34,10.7
2647,50,34,8.7
2648,7,38,7.1
2649,40,11,4.3
2650,0,34,0.8
2651,29,32,5.0
2652,81,28,3.3
2653,25,37,8.7
2654,69,41,5.1
2655,11,95,4.6
2656,15,95,3.6
2657,33,11,10.0
2658,5,77,4.0
2659,34,81,7.6
2660,19,63,8.9
2661,41,60,10.8
2662,95,66,1.3
2663,88,10,1.8
2664,63,68,10.7
2665,28,62,9.3
2666,89,36,6.9
2667,74,59,1.0
2668,49,57,0.7
2669,74,17,4.0
2670,18,40,0.4
2671,1,62,5.4
2672,52,85,8.4
2673,49,43,7.3
2674,90,41,9.6
2675,92,7,3.3
2676,17,37,2.5
2677,3,21,4.3
2678,58,11,5.0
2679,67,94,7.3
2680,70,3,4.8
2681,69,9,7.7
2682,12,78,8.9
2683,91,15,3.0
2684,81,65,2.3
2685,11,28,4.3
2686,53,84,0.5
2687,47,62,7.4
2688,16,73,4.1
2689,46,91,6.1
2690,47,57,9.3
2691,28,72,6.2
2692,59,42,5.5
2693,51,60,3.3
2694,89,3,3.4
2695,90,10,7.3
2696,37,89,5.9
2697,84,69,3.9
2698,2,56,4.5
2699,81,47,0.2
2700,42,44,5.1
2701,88,29,5.0
2702,27,94,0.3
2703,90,52,0.3
2704,69,74,0.5
2705,22,60,5.7
2706,91,68,7.3
2707,61,56,2.6
2708,62,57,9.2
2709,40,56,10.5
2710,93,47,8.0
2711,6,82,7.1
2712,7,43,5.4
2713,90,32,6.8
2714,1,47,9.2
2715,36,97,3.7
2716,18,84,0.1
2717,61,86,6.3
2718,23,92,0.7
2719,28,51,0.4
2720,92,55,1.6
2721,22,40,9.3
2722,92,2,4.4
2723,17,57,2.8
2724,42,92,8.3
2725,30,49,1.3
2726,2,72,4.1
2727,64,60,0.5
2728,8,46,10.1
2729,52,34,8.1
2730,39,35,4.7
2731,67,85,2.1
2732,38,78,6.1
2733,82,34,10.4
2734,82,67,7.0
2735,7,35,8.8
2736,82,40,4.1
2737,60,50,5.3
2738,42,46,0.9
2739,15,73,7.3
2740,59,11,7.5
2741,9,60,5.2
2742,41,38,5.8
2743,94,0,2.4
2744,3,95,8.7
2745,63,80,6.8
2746,86,28,2.7
2747,18,44,9.6
2748,15,57,2.7
2749,71,13,0.6
2750,27,76,4.3
2751,53,1,4.6
2752,38,54,4.4
2753,31,22,4.5
2754,67,87,1.3
2755,5,35,9.1
2756,79,47,1.0
2757,68,7,1.3
2758,72,41,3.7
2759,63,35,5.6
2760,57,53,8.6
2761,97,8,1.9
2762,15,29,5.3
2763,20,70,2.2
2764,70,82,9.2
2765,46,98,4.2
2766,37,61,9.6
2767,37,35,5.5
2768,63,58,7.4
2769,59,97,9.0
2770,48,89,7.3
2771,2,21,5.9
2772,35,82,1.5
2773,63,17,1.9
2774,96,59,8.1
2775,97,53,0.2
2776,29,81,6.9
2777,36,33,2.5
2778,49,71,2.5
2779,33,27,0.1
2780,45,79,9.0
2781,41,44,5.8
2782,10,59,0.5
2783,60,85,4.9
2784,59,15,4.8
2785,96,68,7.0
2786,45,4,7.9
2787,36,19,2.6
2788,81,74,6.8
2789,64,4,8.4
2790,12,66,6.2
2791,60,80,8.4
2792,88,0,8.2
2793,10,98,7.1
2794,4,32,4.8
2795,92,40,6.3
2796,15,68,10.8
2797,10,57,4.6
2798,72,57,6.7
2799,12,47,3.1
2800,62,79,3.2
2801,61,8,0.3
2802,28,32,5.5
2803,61,65,0.0
2804,23,38,5.3
2805,90,52,6.2
2806,52,96,7.1
2807,23,65,5.6
2808,8,71,7.7
2809,11,43,0.5
2810,76,23,2.4
2811,45,66,0.3
2812,74,23,7.2
2813,63,51,2.8
2814,25,76,8.7
2815,20,21,0.6
2816,50,77,10.1
2817,36,59,6.9
2818,26,20,6.1
2819,44,44,3.8
2820,35,79,5.8
2821,82,61,10.7
2822,44,13,9.6
2823,75,35,2.0
2824,74,61,7.4
2825,36,30,3.6
2826,45,82,3.7
2827,80,0,5.8
2828,63,29,7.4
2829,76,59,5.5
2830,69,40,8.9
2831,49,32,8.7
2832,96,30,8.2
2833,93,2,8.1
2834,49,63,1.5
2835,66,79,3.7
2836,38,83,5.5
2837,43,88,2.0
2838,71,83,8.8
2839,47,25,3.1
2840,34,63,1.7
2841,61,61,9.9
2842,92,68,7.8
2843,22,55,1.8
2844,85,55,3.6
2845,28,61,10.6
2846,17,47,5.6
2847,75,51,7.3
2848,72,41,7.2
2849,8,34,5.4
2850,75,26,2.7
2851,67,3,9.3
2852,29,79,3.1
2853,99,63,0.3
2854,53,9,6.0
2855,7,29,3.0
2856,99,16,6.3
2857,79,43,2.7
2858,71,8,0.2
2859,73,86,0.1
2860,46,78,9.8
2861,32,66,9.5
2862,81,72,3.9
2863,36,93,3.3
2864,43,98,10.7
2865,63,56,2.3
2866,83,0,1.6
2867,86,70,1.6
2868,62,16,10.4
2869,65,81,2.8
2870,4,33,1.5
2871,78,20,2.7
2872,28,24,0.6
2873,57,59,2.8
2874,69,39,1.1
2875,33,28,5.3
2876,65,72,8.0
2877,74,45,4.9
2878,89,70,8.5
2879,17,61,6.0
2880,42,62,7.6
2881,71,61,9.7
2882,27,96,4.7
2883,25,73,1.1
2884,76,43,7.2
2885,37,30,5.2
2886,30,67,1.4
2887,4,45,5.6
2888,37,63,4.1
2889,75,14,9.2
2890,14,83,9.9
2891,67,36,5.8
2892,32,50,8.1
2893,68,97,2.5
2894,10,64,5.1
2895,31,85,2.7
2896,73,21,2.8
2897,51,42,7.0
2898,81,59,1.6
2899,27,76,9.4
2900,51,89,8.4
2901,62,69,0.4
2902,72,73,9.8
2903,45,76,5.6
2904,18,48,2.5
2905,97,2,0.5
2906,11,56,4.0
2907,60,56,1.0
2908,13,23,6.6
2909,84,77,0.5
2910,67,48,1.5
2911,36,41,3.5
2912,5,89,7.7
2913,3,43,3.0
2914,23,71,1.4
2915,69,67,5.2
2916,26,81,9.0
2917,81,43,3.5
2918,44,98,6.1
2919,45,64,3.8
2920,61,85,4.6
2921,60,13,5.5
2922,56,19,3.0
2923,66,51,7.0
2924,95,36,2.0
2925,76,62,1.6
2926,49,62,5.7
2927,55,85,6.4
2928,36,74,3.2
2929,76,10,5.2
2930,83,66,7.2
2931,60,14,0.5
2932,98,15,2.7
2933,67,6,5.8
2934,25,49,7.4
2935,71,77,10.0
2936,17,40,10.7
2937,18,76,3.5
2938,95,63,6.5
2939,70,49,6.3
2940,31,33,7.5
2941,18,46,9.6
2942,71,2,3.0
2943,55,48,8.5
2944,33,18,7.6
2945,35,3,5.2
2946,31,7,5.4
2947,7,74,1.2
2948,38,90,5.6
2949,59,94,8.2
2950,36,58,7.9
2951,62,53,0.5
2952,41,82,5.3
2953,45,95,6.6
2954,54,23,5.2
2955,47,33,1.5
2956,38,47,5.8
2957,54,50,2.4
2958,39,9,1.1
2959,84,9,4.2
2960,87,44,6.0
2961,50,70,6.1
2962,34,25,1.3
2963,60,19,4.9
2964,25,84,8.3
2965,60,74,8.7
2966,71,11,2.6
2967,55,33,7.4
2968,17,25,1.8
2969,52,65,8.3
2970,67,4,6.4
2971,62,72,4.6
2972,74,57,8.1
2973,35,56,9.0
2974,28,32,1.7
2975,68,48,8.6
2976,53,71,6.3
2977,77,80,1.4
2978,51,29,8.0
2979,52,19,4.8
2980,48,70,5.4
2981,73,76,6.3
2982,82,56,3.9
2983,51,26,0.5
2984,40,0,6.2
2985,12,31,5.8
2986,29,99,2.0
2987,44,86,5.3
2988,82,63,10.1
2989,46,34,3.2
2990,33,86,6.3
2991,97,65,8.3
2992,10,27,2.2
2993,30,24,8.8
2994,53,91,1.7
2995,67,89,3.7
2996,69,60,6.1
2997,34,94,2.9
2998,75,87,9.7
2999,70,70,2.5
3000,54,16,8.5
3001,44,24,2.6
3002,25,49,6.8
3003,67,15,8.8
3004,50,37,8.9
3005,31,9,2.5
3006,90,69,6.0
3007,58,35,6.5
3008,90,48,4.4
3009,86,73,1.7
3010,34,52,9.6
3011,52,43,3.8
3012,71,64,7.8
3013,84,55,0.9
3014,65,58,5.2
3015,9,73,0.8
3016,72,68,7.8
3017,42,38,1.2
3018,54,29,8.6
3019,53,11,8.1
3020,68,76,6.8
3021,7,70,5.2
3022,81,59,1.0
3023,72,48,0.5
3024,0,71,0.7
3025,31,16,9.4
3026,23,44,9.5
3027,79,3,4.2
3028,37,61,0.6
3029,15,44,3.3
3030,46,51,0.9
3031,37,65,4.3
3032,56,14,6.3
3033,54,44,8.0
3034,8,94,8.6
3035,33,94,4.6
3036,97,41,8.3
3037,31,54,0.8
3038,41,8,5.3
3039,56,94,0.5
3040,75,37,0.8
3041,43,10,0.1
3042,29,21,5.6
3043,16,40,9.9
3044,45,44,5.8
3045,23,77,8.1
3046,94,32,6.5
3047,76,6,3.7
3048,54,77,8.4
3049,51,93,1.0
3050,20,66,6.1
3051,20,89,4.3
3052,83,50,7.7
3053,47,3,1.9
3054,41,61,6.1
3055,25,54,9.6
3056,76,12,5.0
3057,45,54,1.2
3058,10,82,5.3
3059,15,37,6.1
3060,32,12,0.4
3061,73,45,5.1
3062,11,28,9.5
3063,30,87,3.9
3064,43,62,3.0
3065,19,29,9.2
3066,71,73,1.8
3067,77,29,2.5
3068,60,95,10.3
3069,45,40,2.9
3070,2,89,5.0
3071,16,25,6.7
3072,49,53,6.0
3073,62,41,0.2
3074,98,20,9.9
3075,7,58,10.3
3076,35,99,1.7
3077,47,22,2.6
3078,39,75,2.6
3079,52,25,2.7
3080,11,23,6.5
3081,51,90,10.0
3082,31,34,6.5
3083,57,38,5.6
3084,68,2,8.8
3085,72,14,9.7
3086,42,16,2.5
3087,43,27,5.3
3088,69,12,6.8
3089,74,72,1.3
3090,41,35,5.4
3091,22,21,9.8
3092,33,76,2.0
3093,83,68,2.9
3094,13,93,6.2
3095,7,85,8.5
3096,93,56,9.9
3097,40,75,5.3
3098,10,62,2.4
3099,54,24,9.6
3100,40,55,2.4
3101,18,87,10.5
3102,52,74,6.8
3103,71,86,7.7
3104,78,58,7.2
3105,48,99,1.4
3106,91,56,10.4
3107,3,43,7.0
3108,84,74,2.7
3109,12,68,5.1
3110,6,48,4.0
3111,34,3,4.0
3112,2,51,7.4
3113,16,33,5.0
3114,67,64,2.2
3115,68,86,5.1
3116,61,41,2.5
3117,85,23,6.1
3118,80,74,3.1
3119,62,18,8.0
3120,73,76,0.8
3121,3,64,7.7
3122,11,36,3.4
3123,37,19,1.8
3124,54,80,2.5
3125,70,85,7.0
3126,43,35,2.5
3127,83,47,1.9
3128,40,88,5.4
3129,29,62,1.9
3130,97,36,8.0
3131,76,18,8.5
3132,98,14,3.6
3133,80,1,4.2
3134,50,0,4.6
3135,24,80,9.5
3136,74,70,4.9
3137,39,72,4.8
3138,3,34,0.4
3139,0,63,3.2
3140,74,87,3.0
3141,37,61,9.1
3142,68,23,4.3
3143,20,39,7.4
3144,67,96,0.4
3145,97,51,4.0
3146,67,45,8.7
3147,19,71,3.8
3148,45,92,0.8
3149,35,83,10.5
3150,62,80,2.1
3151,89,23,1.7
3152,82,22,4.4
3153,56,36,8.0
3154,17,87,4.0
3155,43,21,5.0
3156,49,57,0.1
3157,82,48,1.4
3158,50,47,2.6
3159,74,65,5.1
3160,72,61,4.4
3161,45,74,5.6
3162,37,35,5.0
3163,14,52,9.5
3164,28,80,7.4
3165,50,37,9.5
3166,92,49,10.3
3167,92,11,0.1
3168,57,74,4.5
3169,92,66,5.4
3170,51,49,10.6
3171,76,29,5.6
3172,98,62,4.8
3173,7,30,2.4
3174,69,46,6.6
3175,58,48,7.5
3176,5,21,4.1
3177,77,20,8.8
3178,24,94,2.4
3179,98,51,1.8
3180,50,66,6.9
3181,79,38,7.5
3182,67,64,8.4
3183,41,3,4.6
3184,39,66,5.6
3185,46,63,3.0
3186,44,73,6.4
3187,59,59,8.6
3188,42,56,2.3
3189,19,78,3.2
3190,28,37,6.4
3191,69,25,10.8
3192,52,54,3.7
3193,82,7,0.9
3194,81,68,8.5
3195,37,16,4.0
3196,24,33,9.0
3197,60,56,2.1
3198,75,86,7.5
3199,91,49,2.1
3200,41,57,10.3
3201,54,45,2.6
3202,56,80,4.1
3203,35,76,6.2
3204,66,79,2.1
3205,57,91,7.8
3206,98,60,3.3
3207,25,36,3.6
3208,27,84,3.0
3209,30,11,0.8
3210,9,56,5.4
3211,66,59,6.4
3212,29,90,3.8
3213,5,68,4.5
3214,67,21,7.1
3215,34,56,3.0
3216,61,77,9.9
3217,46,67,3.5
3218,8,72,3.5
3219,12,34,10.3
3220,67,45,3.6
3221,3,99,4.9
3222,90,29,3.1
3223,34,16,7.4
3224,42,46,6.0
3225,97,37,8.1
3226,84,38,2.4
3227,28,68,3.0
3228,92,54,4.6
3229,90,55,0.9
3230,9,40,6.2
3231,54,3,4.1
3232,93,21,5.2
3233,41,58,6.2
3234,56,29,6.3
3235,46,30,8.2
3236,54,10,0.8
3237,30,76,0.5
3238,22,73,1.3
3239,71,5,5.1
3240,72,63,6.3
3241,81,35,10.8
3242,72,53,4.7
3243,9,70,1.7
3244,31,71,3.1
3245,74,47,5.4
3246,79,19,5.7
3247,30,87,0.4
3248,5,64,5.6
3249,36,98,8.1
3250,74,27,7.3
3251,84,12,10.7
3252,12,95,9.2
3253,80,5,4.6
3254,53,22,2.3
3255,35,10,7.9
3256,14,31,3.4
3257,50,79,6.0
3258,69,65,5.4
3259,8,21,7.3
3260,75,55,7.9
3261,58,4,1.3
3262,13,23,5.1
3263,3,69,7.0
3264,99,61,0.6
3265,69,70,4.1
3266,54,27,2.5
3267,54,95,9.0
3268,26,50,4.3
3269,90,29,9.2
3270,46,50,1.4
3271,76,86,1.3
3272,3,28,2.8
3273,90,13,7.8
3274,5,37,7.7
3275,7,41,1.7
3276,15,36,2.9
3277,21,26,2.5
3278,20,43,8.9
3279,25,56,2.9
3280,30,0,8.2
3281,39,17,5.6
3282,5,58,2.6
3283,31,81,10.3
3284,84,64,2.4
3285,28,24,7.5
3286,60,69,10.0
3287,79,11,2.6
3288,42,76,7.0
3289,85,19,1.4
3290,92,67,8.1
3291,91,18,9.9
3292,33,11,5.8
3293,76,60,6.8
3294,71,87,10.7
3295,39,35,1.7
3296,43,54,2.0
3297,70,68,5.5
3298,35,13,4.8
3299,54,23,9.6
3300,32,7,0.2
3301,45,30,0.2
3302,88,59,6.4
3303,65,30,7.5
3304,65,66,9.1
3305,49,80,0.2
3306,37,93,5.9
3307,42,53,7.2
3308,73,85,10.8
3309,63,53,3.7
3310,7,76,6.1
3311,50,86,3.4
3312,70,79,9.8
3313,68,88,7.2
3314,53,13,1.4
3315,73,59,5.7
3316,39,88,0.2
3317,30,91,3.5
3318,11,34,6.4
3319,95,24,4.1
3320,47,57,5.1
3321,69,90,4.6
3322,18,71,2.9
3323,47,59,1.5
3324,50,4,10.5
3325,9,53,6.7
3326,76,10,1.1
3327,26,76,1.1
3328,29,83,2.4
3329,21,30,10.8
3330,27,91,1.6
3331,66,47,2.2
3332,88,3,0.2
3333,37,82,2.4
3334,29,45,8.9
3335,23,70,0.1
3336,55,7,5.0
3337,20,81,9.6
3338,69,88,2.0
3339,26,51,5.8
3340,9,85,0.9
3341,77,22,8.5
3342,90,11,3.6
3343,53,20,3.5
3344,52,25,3.3
3345,51,69,10.2
3346,42,12,7.3
3347,38,5,7.7
3348,82,77,5.7
3349,64,11,5.2
3350,31,94,0.4
3351,54,67,0.8
3352,31,26,10.7
3353,27,95,2.9
3354,77,7,1.3
3355,23,53,1.5
3356,85,56,1.0
3357,59,7,10.1
3358,31,85,8.5
3359,90,8,4.8
3360,55,20,0.0
3361,4,82,2.5
3362,2,69,7.5
3363,28,89,4.2
3364,81,17,0.9
3365,42,10,10.2
3366,77,88,3.7
3367,2,60,0.7
3368,80,49,4.0
3369,94,10,10.9
3370,35,62,2.5
3371,89,42,2.9
3372,4,54,9.7
3373,78,0,4.6
3374,84,49,10.0
3375,58,71,4.7
3376,17,68,6.6
3377,40,15,2.7
3378,24,74,3.1
3379,43,24,8.5
3380,35,91,0.8
3381,7,77,4.6
3382,17,36,6.1
3383,85,70,6.1
3384,23,79,1.8
3385,68,7,7.7
3386,82,17,8.2
3387,12,47,6.0
3388,29,33,4.0
3389,97,62,6.2
3390,12,98,3.3
3391,45,67,5.3
3392,58,58,6.8
3393,13,91,2.5
3394,50,67,9.2
3395,59,50,1.2
3396,69,78,0.4
3397,31,33,9.8
3398,56,15,0.1
3399,58,48,7.2
3400,12,46,4.8
3401,89,71,8.2
3402,54,5,8.2
3403,58,64,8.4
3404,35,11,0.1
3405,94,44,1.4
3406,50,39,8.6
3407,34,99,9.3
3408,59,70,1.3
3409,11,41,4.1
3410,31,98,4.2
3411,49,30,6.6
3412,63,67,1.8
3413,19,83,2.6
3414,46,97,5.5
3415,37,17,10.6
3416,40,89,8.2
3417,37,92,4.0
3418,43,94,1.7
3419,62,58,5.2
3420,85,73,5.8
3421,2,27,7.1
3422,27,42,3.1
3423,65,37,8.1
3424,69,3,3.4
3425,62,99,9.1
3426,93,22,4.0
3427,59,52,1.6
3428,16,68,8.7
3429,93,35,4.9
3430,14,99,7.1
3431,47,75,3.3
3432,23,56,9.9
3433,53,99,10.2
3434,55,73,5.5
3435,49,28,7.0
3436,26,82,9.6
3437,36,59,1.6
3438,46,9,6.6
3439,32,93,4.5
3440,46,53,8.0
3441,33,97,0.6
3442,58,6,10.4
3443,88,69,6.7
3444,10,85,10.9
3445,10,95,2.1
3446,80,49,7.7
3447,94,0,1.2
3448,51,65,3.3
3449,23,33,5.8
3450,18,93,8.2
3451,28,73,7.3
3452,87,12,3.1
3453,1,20,6.8
3454,51,74,5.3
3455,1,32,0.5
3456,64,43,9.2
3457,33,51,6.0
3458,57,20,7.2
3459,10,86,1.1
3460,40,54,10.9
3461,67,72,5.3
3462,84,46,4.6
3463,11,75,7.5
3464,37,90,9.6
3465,2,40,5.3
3466,57,6,1.5
3467,29,39,2.7
3468,95,19,3.4
3469,14,20,9.7
3470,32,70,5.0
3471,88,17,2.3
3472,15,90,10.3
3473,5,26,7.3
3474,91,39,5.7
3475,64,55,10.7
3476,64,5,8.2
3477,75,78,0.9
3478,67,25,6.4
3479,98,14,9.9
3480,36,19,0.6
3481,69,58,2.5
3482,58,28,7.2
3483,56,64,10.5
3484,13,27,7.5
3485,92,66,2.3
3486,17,85,10.3
3487,39,89,8.3
3488,58,11,0.7
3489,19,52,10.0
3490,54,44,9.5
3491,77,6,10.7
3492,34,42,8.5
3493,38,48,9.6
3494,58,48,10.6
3495,31,82,5.4
3496,26,98,8.4
3497,11,95,5.5
3498,56,18,8.3
3499,83,34,8.0
3500,56,33,8.9
3501,21,68,4.4
3502,74,74,2.5
3503,34,47,6.9
3504,74,66,7.6
3505,10,82,6.6
3506,92,52,9.2
3507,26,83,1.6
3508,65,90,0.4
3509,62,94,6.7
3510,63,89,4.0
3511,4,66,0.5
3512,78,7,7.1
3513,39,0,2.3
3514,21,48,7.5
3515,75,45,0.3
3516,1,74,0.7
3517,15,41,0.4
3518,79,68,2.4
3519,46,6,10.2
3520,14,48,7.2
3521,45,70,9.1
3522,24,36,1.5
3523,38,16,8.8
3524,11,31,1.3
3525,23,64,3.5
3526,48,55,1.8
3527,69,42,5.6
3528,35,34,8.4
3529,6,64,6.6
3530,91,18,0.6
3531,18,50,1.1
3532,23,41,2.0
3533,48,16,1.3
3534,52,33,5.7
3535,48,9,1.0
3536,65,43,8.7
3537,84,47,10.2
3538,68,73,9.6
3539,30,48,9.8
3540,11,96,10.1
3541,73,47,6.1
3542,7,96,8.9
3543,18,68,1.9
3544,37,84,0.2
3545,86,76,10.8
3546,35,8,6.6
3547,41,49,7.2
3548,99,25,0.9
3549,89,27,6.0
3550,50,50,3.7
3551,58,61,4.9
3552,99,39,7.5
3553,53,93,6.2
3554,27,74,8.3
3555,90,33,3.6
3556,79,19,10.4
3557,26,81,5.5
3558,41,55,5.2
3559,80,66,5.5
3560,45,86,4.6
3561,99,50,10.3
3562,98,3,2.7
3563,69,26,5.6
3564,10,46,6.8
3565,26,41,4.0
3566,14,20,3.0
3567,61,15,9.2
3568,36,32,4.5
3569,55,29,4.5
3570,44,4,3.3
3571,77,68,9.7
3572,73,54,1.4
3573,45,4,2.8
3574,8,36,2.0
3575,3,26,9.3
3576,64,74,5.8
3577,33,87,1.8
3578,69,62,10.6
3579,87,69,2.9
3580,31,5,6.3
3581,41,28,6.2
3582,35,64,0.8
3583,4,35,8.9
3584,59,38,7.9
3585,41,80,5.0
3586,6,71,10.5
3587,29,92,2.7
3588,54,40,0.7
3589,27,23,8.6
3590,10,90,6.3
3591,60,75,2.8
3592,59,97,4.2
3593,42,18,7.1
3594,23,56,0.0
3595,62,77,1.4
3596,62,0,9.5
3597,69,19,1.0
3598,50,19,9.7
3599,9,79,9.8
3600,49,35,6.7
3601,25,33,3.2
3602,85,74,6.0
3603,60,41,9.6
3604,73,16,10.9
3605,71,32,9.1
3606,67,46,7.1
3607,14,80,7.9
3608,28,29,7.9
3609,36,79,8.4
3610,35,22,0.3
3611,98,47,9.4
3612,84,5,4.0
3613,22,44,8.6
3614,45,50,2.9
3615,84,32,3.0
3616,7,94,9.0
3617,21,81,3.8
3618,77,15,4.4
3619,16,63,9.8
3620,34,49,9.7
3621,70,66,3.1
3622,1,74,6.5
3623,6,80,0.5
3624,72,27,1.6
3625,56,98,3.6
3626,14,34,5.7
3627,67,91,2.0
3628,55,82,5.3
3629,68,12,4.4
3630,97,34,2.0
3631,50,78,8.7
3632,98,51,10.1
3633,29,77,8.4
3634,44,29,7.6
3635,93,34,0.2
3636,73,4,6.6
3637,10,48,2.4
3638,4,99,3.7
3639,84,14,7.0
3640,53,30,8.8
3641,40,98,5.3
3642,43,51,0.1
3643,95,60,6.6
3644,86,55,7.7
3645,43,98,7.3
3646,3,86,4.0
3647,63,7,6.8
3648,59,3,0.1
3649,49,75,9.9
3650,12,27,2.6
3651,46,68,7.8
3652,16,88,4.9
3653,35,61,2.0
3654,46,80,7.6
3655,6,71,8.4
3656,0,38,4.7
3657,0,44,4.0
3658,96,11,0.7
3659,67,56,9.3
3660,97,36,0.4
3661,46,56,10.3
3662,79,12,9.6
3663,49,28,1.2
3664,39,75,5.3
3665,7,50,9.9
3666,99,49,3.1
3667,47,16,9.0
3668,34,95,1.6
3669,32,6,2.9
3670,19,57,8.1
3671,92,26,0.1
3672,40,23,2.7
3673,28,48,9.1
3674,53,69,4.4
3675,34,82,8.6
3676,41,61,5.7
3677,29,40,4.1
3678,54,3,5.2
3679,51,86,2.0
3680,53,71,2.2
3681,36,96,8.4
3682,34,91,2.0
3683,48,76,9.8
3684,46,54,5.9
3685,54,3,6.7
3686,19,90,7.7
3687,53,62,6.2
3688,92,40,0.5
3689,22,56,0.8
3690,15,65,1.0
3691,54,11,10.0
3692,91,9,10.8
3693,0,77,1.8
3694,95,41,0.9
3695,64,31,8.5
3696,64,37,4.3
3697,38,83,10.6
3698,92,42,5.8
3699,97,12,3.4
3700,82,39,7.7
3701,43,50,10.3
3702,32,95,8.5
3703,87,38,5.7
3704,39,89,8.7
3705,95,5,10.5
3706,0,40,8.5
3707,65,81,8.6
3708,71,18,6.7
3709,33,41,0.3
3710,44,72,7.4
3711,52,18,2.5
3712,84,45,5.0
3713,38,97,2.5
3714,65,96,7.5
3715,81,30,7.3
3716,87,27,10.9
3717,91,68,1.8
3718,77,45,6.7
3719,3,58,0.3
3720,91,52,7.0
3721,35,2,9.0
3722,42,90,3.6
3723,96,28,9.5
3724,48,61,10.0
3725,70,58,5.2
3726,80,54,4.8
3727,57,83,7.2
3728,52,2,9.0
3729,22,65,2.4
3730,63,45,5.5
3731,91,20,7.0
3732,47,38,7.1
3733,58,23,5.6
3734,89,1,2.2
3735,48,64,5.6
3736,58,11,6.8
3737,33,57,2.2
3738,60,62,7.0
3739,93,56,1.6
3740,38,96,6.7
3741,57,35,9.8
3742,31,95,4.6
3743,53,24,8.0
3744,66,71,7.1
3745,49,15,4.1
3746,46,93,2.5
3747,80,18,4.5
3748,68,91,3.5
3749,37,74,10.1
3750,70,58,3.1
3751,75,19,4.3
3752,82,64,0.2
3753,56,29,6.9
3754,77,5,9.2
3755,77,12,4.1
3756,51,23,10.3
3757,24,43,5.1
3758,63,55,2.5
3759,45,81,2.1
3760,56,66,3.0
3761,64,7,5.0
3762,87,28,10.5
3763,11,41,8.9
3764,38,81,6.8
3765,36,15,3.2
3766,2,72,0.2
3767,48,27,10.1
3768,41,28,4.2
3769,33,79,8.0
3770,56,25,9.5
3771,1,80,7.5
3772,47,74,8.8
3773,65,16,5.2
3774,26,54,3.4
3775,1,75,5.0
3776,56,50,4.5
3777,62,12,6.1
3778,65,36,1.2
3779,21,91,9.5
3780,49,99,6.8
3781,38,16,6.2
3782,34,13,2.6
3783,24,96,0.8
3784,93,41,10.8
3785,72,56,1.1
3786,76,10,3.3
3787,49,42,2.5
3788,51,33,8.3
3789,50,24,2.7
3790,1,96,8.3
3791,89,53,1.1
3792,45,49,2.3
3793,14,94,10.0
3794,92,14,6.9
3795,20,40,1.0
3796,40,69,1.0
3797,59,45,6.4
3798,49,26,4.1
3799,75,69,4.1
3800,16,65,4.1
3801,2,42,5.2
3802,84,71,0.9
3803,49,63,7.4
3804,28,80,3.1
3805,22,77,3.7
3806,70,34,9.8
3807,71,65,2.8
3808,74,6,4.0
3809,96,14,9.9
3810,6,52,3.3
3811,58,75,7.6
3812,59,59,5.5
3813,18,60,0.3
3814,43,1,9.3
3815,88,18,7.4
3816,65,51,6.1
3817,11,60,4.1
3818,2,28,1.5
3819,73,14,8.4
3820,27,70,10.8
3821,13,42,0.5
3822,16,88,9.5
3823,7,51,4.2
3824,74,21,5.6
3825,25,97,8.1
3826,37,93,5.4
3827,55,49,6.7
3828,39,3,0.5
3829,66,17,0.1
3830,49,71,2.0
3831,34,60,3.6
3832,35,33,2.3
3833,13,51,9.4
3834,76,31,6.0
3835,22,28,5.4
3836,73,7,2.8
3837,81,44,8.0
3838,53,81,0.8
3839,98,5,9.3
3840,25,61,9.4
3841,0,63,1.4
3842,80,77,4.7
3843,9,33,3.3
3844,62,73,0.1
3845,33,23,4.6
3846,44,78,10.3
3847,47,60,10.1
3848,81,43,9.4
3849,40,53,9.0
3850,29,59,5.4
3851,80,46,5.8
3852,72,0,5.8
3853,57,41,2.1
3854,49,61,6.2
3855,34,26,9.0
3856,68,28,7.6
3857,71,61,8.4
3858,44,65,10.3
3859,35,8,4.8
3860,2,45,7.0
3861,10,63,8.0
3862,31,49,1.1
3863,95,45,10.9
3864,44,16,4.2
3865,66,26,6.7
3866,88,6,9.9
3867,11,93,7.5
3868,65,50,7.7
3869,83,32,2.8
3870,48,18,8.0
3871,92,53,3.1
3872,31,5,1.3
3873,1,27,4.6
3874,61,13,1.4
3875,61,79,5.8
3876,55,12,5.2
3877,9,60,8.5
3878,66,45,6.7
3879,75,15,1.2
3880,78,15,4.2
3881,51,9,1.1
3882,85,34,9.2
3883,31,34,5.8
3884,45,39,0.3
3885,84,48,6.4
3886,9,88,7.1
3887,12,43,3.7
3888,73,87,3.3
3889,1,76,3.8
3890,42,82,6.2
3891,65,33,7.2
3892,37,12,9.3
3893,49,26,4.6
3894,19,62,2.3
3895,19,27,0.6
3896,24,81,6.9
3897,2,50,2.3
3898,69,46,5.8
3899,30,94,4.6
3900,46,40,1.6
3901,56,17,0.5
3902,50,21,1.4
3903,28,79,8.1
3904,52,96,3.7
3905,62,77,3.4
3906,74,66,10.9
3907,85,36,3.9
3908,75,33,3.0
3909,32,70,8.0
3910,16,84,6.4
3911,43,4,10.1
3912,80,1,10.2
3913,66,4,2.6
3914,56,60,7.3
3915,75,25,1.5
3916,47,84,9.9
3917,50,7,3.2
3918,54,58,3.9
3919,61,93,2.1
3920,53,82,5.1
3921,89,24,7.8
3922,0,74,4.7
3923,79,57,1.0
3924,37,44,0.7
3925,22,21,2.9
3926,75,24,7.8
3927,65,13,5.6
3928,83,59,6.2
3929,66,86,6.8
3930,60,71,1.3
3931,60,93,6.9
3932,13,30,8.6
3933,1,71,2.8
3934,70,47,4.4
3935,73,20,9.2
3936,77,24,1.9
3937,83,15,3.7
3938,34,25,10.5
3939,54,27,2.9
3940,14,25,10.7
3941,19,42,2.2
3942,80,41,5.5
3943,3,90,2.1
3944,11,43,9.1
3945,24,49,0.4
3946,72,89,1.4
3947,13,45,9.2
3948,0,65,5.4
3949,31,65,0.2
3950,67,11,7.0
3951,1,42,2.0
3952,55,50,4.5
3953,50,86,1.2
3954,52,51,3.1
3955,81,47,10.4
3956,52,63,3.8
3957,15,46,10.9
3958,48,93,1.1
3959,7,46,9.4
3960,81,27,8.2
3961,13,74,4.1
3962,72,83,2.4
3963,2,37,1.8
3964,41,83,3.0
3965,34,37,4.3
3966,20,26,6.4
3967,88,23,10.8
3968,51,0,2.0
3969,66,62,7.5
3970,24,86,4.2
3971,57,60,9.4
3972,36,10,9.0
3973,56,89,6.3
3974,73,28,8.0
3975,15,25,8.9
3976,94,21,4.1
3977,85,57,10.2
3978,39,83,2.8
3979,67,31,10.2
3980,68,55,2.8
3981,28,62,3.8
3982,51,70,6.0
3983,37,73,8.4
3984,58,85,2.0
3985,82,41,1.9
3986,30,14,6.9
3987,69,84,1.1
3988,41,38,6.9
3989,23,32,7.5
3990,79,12,5.9
3991,66,65,10.8
3992,77,81,3.3
3993,11,69,0.1
3994,71,22,10.5
3995,76,59,2.5
3996,18,20,0.9
3997,80,23,5.0
3998,49,21,0.6
3999,72,27,6.0
4000,68,99,8.3
4001,2,26,10.6
4002,37,75,4.5
4003,49,9,2.9
4004,94,30,8.1
4005,25,20,0.6
4006,91,56,0.7
4007,45,15,7.1
4008,41,29,0.3
4009,59,72,0.5
4010,1,29,5.2
4011,46,51,6.3
4012,33,64,9.4
4013,92,6,0.7
4014,58,40,8.5
4015,16,80,5.0
4016,17,95,9.5
4017,54,52,1.2
4018,63,42,9.9
4019,25,47,9.9
4020,63,28,5.7
4021,45,15,0.1
4022,92,10,1.9
4023,53,8,10.2
4024,46,56,8.4
4025,44,95,8.7
4026,33,74,3.5
4027,70,41,0.5
4028,13,78,9.0
4029,94,56,9.9
4030,50,56,6.2
4031,57,41,10.4
4032,14,73,2.7
4033,87,3,10.8
4034,22,90,5.7
4035,34,28,5.3
4036,66,90,1.8
4037,97,23,1.4
4038,89,31,2.6
4039,71,41,2.4
4040,35,20,5.5
4041,81,8,1.0
4042,40,92,0.6
4043,42,18,2.0
4044,24,30,7.0
4045,39,57,7.2
4046,64,64,4.3
4047,46,90,2.9
4048,76,60,0.1
4049,62,90,3.9
4050,57,35,1.4
4051,21,93,1.5
4052,51,50,7.4
4053,6,25,7.7
4054,34,55,7.5
4055,51,47,9.7
4056,83,61,3.0
4057,38,90,9.1
4058,26,47,9.6
4059,83,30,6.7
4060,53,40,1.5
4061,41,7,4.6
4062,55,26,8.4
4063,63,25,10.6
4064,70,7,7.8
4065,34,14,8.6
4066,65,37,3.4
4067,70,81,4.1
4068,27,92,7.3
4069,55,97,5.7
4070,73,34,1.0
4071,89,35,9.6
4072,78,13,6.4
4073,30,7,6.5
4074,32,83,2.5
4075,73,84,6.4
4076,74,19,6.2
4077,60,35,2.0
4078,35,71,4.3
4079,43,63,10.7
4080,52,33,7.7
4081,3,72,4.4
4082,38,23,2.6
4083,42,24,3.2
4084,35,11,10.5
4085,28,97,7.5
4086,24,67,3.3
4087,67,39,3.4
4088,38,59,5.3
4089,39,31,10.5
4090,52,47,10.5
4091,58,30,10.7
4092,45,95,9.7
4093,37,97,2.7
4094,11,92,3.7
4095,21,22,9.3
4096,56,38,10.8
4097,0,46,4.6
4098,20,54,2.0
4099,96,35,1.2
4100,14,38,1.2
4101,32,11,6.7
4102,18,37,8.7
4103,67,93,2.1
4104,89,24,0.4
4105,75,48,4.8
4106,65,7,9.9
4107,33,96,6.1
4108,64,52,4.0
4109,65,73,8.3
4110,31,73,0.6
4111,4,60,2.2
4112,71,67,10.0
4113,68,51,2.6
4114,30,41,3.3
4115,53,35,6.7
4116,56,13,7.3
4117,81,20,1.1
4118,10,49,2.0
4119,64,80,2.3
4120,5,94,2.5
4121,54,94,9.8
4122,28,82,6.6
4123,5,81,8.8
4124,53,50,8.6
4125,0,26,5.3
4126,98,62,5.2
4127,13,41,6.3
4128,86,31,1.4
4129,33,78,8.7
4130,72,7,1.4
4131,62,17,3.6
4132,88,13,5.9
4133,21,92,1.6
4134,8,45,8.0
4135,97,29,2.4
4136,61,36,4.2
4137,13,82,1.3
4138,38,95,5.7
4139,9,44,7.5
4140,81,64,2.8
4141,26,69,8.0
4142,28,67,2.9
4143,21,78,2.6
4144,54,96,10.0
4145,15,52,1.3
4146,72,31,2.9
4147,29,44,8.2
4148,18,36,2.0
4149,77,76,0.2
4150,33,30,2.9
4151,26,38,7.0
4152,87,49,0.5
4153,56,46,3.3
4154,62,81,6.2
4155,20,56,1.6
4156,36,72,5.9
4157,81,14,10.4
4158,52,8,2.0
4159,83,33,10.9
4160,93,69,7.1
4161,69,17,5.4
4162,77,11,9.1
4163,74,10,0.9
4164,55,60,5.2
4165,17,93,9.6
4166,15,35,9.6
4167,84,46,1.9
4168,15,38,3.5
4169,69,74,6.7
4170,19,56,10.1
4171,40,24,10.0
4172,70,26,0.4
4173,32,67,3.5
4174,70,67,0.9
4175,8,32,3.6
4176,25,65,7.1
4177,47,52,9.4
4178,85,32,5.5
4179,61,60,3.7
4180,85,74,9.8
4181,55,3,3.9
4182,20,91,6.7
4183,15,57,5.4
4184,86,9,6.6
4185,39,83,3.1
4186,25,70,5.3
4187,78,64,8.5
4188,8,23,6.2
4189,99,61,10.8
4190,39,40,4.4
4191,25,78,0.1
4192,73,14,1.9
4193,54,35,2.7
4194,18,53,5.7
4195,42,80,9.1
4196,65,69,7.3
4197,66,67,3.2
4198,77,33,4.2
4199,44,9,5.7
4200,17,65,8.5
4201,92,40,8.2
4202,57,45,1.5
4203,57,61,5.7
4204,41,50,6.2
4205,83,11,9.1
4206,43,6,0.2
4207,38,68,4.4
4208,78,27,8.8
4209,1,28,9.4
4210,26,34,10.7
4211,9,79,7.3
4212,45,19,0.7
4213,38,16,5.0
4214,17,30,8.4
4215,47,44,1.9
4216,2,22,8.2
4217,60,69,0.1
4218,83,75,10.0
4219,40,16,10.4
4220,82,55,7.8
4221,47,80,3.0
4222,44,65,5.1
4223,27,28,0.8
4224,10,36,3.1
4225,30,59,7.1
4226,11,32,9.1
4227,58,74,8.9
4228,18,65,3.4
4229,80,15,4.4
4230,43,39,0.4
4231,0,61,1.7
4232,44,25,0.6
4233,42,78,5.4
4234,48,15,0.8
4235,6,27,6.4
4236,55,22,1.3
4237,48,59,9.6
4238,68,94,3.2
4239,64,43,2.7
4240,76,26,7.2
4241,25,94,8.1
4242,39,95,4.6
4243,79,75,5.3
4244,46,11,7.6
4245,42,57,5.6
4246,47,45,7.8
4247,95,1,10.1
4248,69,47,1.1
4249,69,26,0.6
4250,81,4,10.4
4251,67,44,6.1
4252,68,45,3.3
4253,64,87,9.1
4254,34,1,5.4
4255,27,41,9.0
4256,99,31,7.3
4257,90,32,6.3
4258,91,53,4.7
4259,3,96,1.5
4260,53,92,2.0
4261,67,94,7.2
4262,66,82,7.9
4263,54,74,1.0
4264,64,66,5.4
4265,68,40,10.4
4266,57,51,7.1
4267,48,78,10.4
4268,13,38,9.0
4269,56,57,0.9
4270,99,27,5.5
4271,91,5,6.0
4272,16,21,10.4
4273,10,34,7.8
4274,28,95,4.3
4275,44,38,6.6
4276,64,26,6.1
4277,89,17,0.1
4278,45,30,3.2
4279,86,5,1.2
4280,1,43,7.4
4281,76,72,8.8
4282,10,62,2.5
4283,65,76,0.8
4284,34,10,10.6
4285,47,86,9.6
4286,66,95,2.1
4287,47,13,5.5
4288,33,20,1.0
4289,96,7,6.5
4290,60,54,10.7
4291,39,67,5.1
4292,67,81,2.3
4293,12,99,2.5
4294,43,58,8.7
4295,2,92,3.0
4296,85,42,2.4
4297,82,30,1.4
4298,20,45,1.1
4299,76,78,0.1
4300,79,34,5.9
4301,63,65,5.1
4302,46,43,7.2
4303,6,22,3.1
4304,23,23,0.3
4305,27,61,5.9
4306,19,89,6.4
4307,90,62,10.7
4308,47,37,8.3
4309,71,45,1.7
4310,6,87,5.1
4311,97,33,3.1
4312,56,10,4.3
4313,58,72,2.9
4314,59,65,9.9
4315,66,84,10.4
4316,71,25,5.3
4317,20,60,6.5
4318,38,17,1.5
4319,4,90,10.6
4320,93,18,3.8
4321,4,55,8.3
4322,56,56,9.6
4323,39,91,1.8
4324,41,97,4.5
4325,89,4,1.5
4326,51,15,7.6
4327,20,77,0.1
4328,64,25,7.4
4329,13,76,4.7
4330,8,25,6.1
4331,22,42,3.8
4332,87,79,7.7
4333,52,5,10.3
4334,40,21,1.3
4335,79,11,4.1
4336,57,45,0.1
4337,39,3,1.2
4338,74,84,5.3
4339,52,24,2.3
4340,77,55,9.4
4341,0,81,2.7
4342,12,54,7.4
4343,51,78,5.4
4344,31,80,8.3
4345,22,94,1.4
4346,9,65,0.3
4347,40,41,3.7
4348,41,12,3.6
4349,11,84,3.4
4350,26,91,5.4
4351,12,47,3.0
4352,78,23,2.5
4353,27,60,7.0
4354,46,29,8.3
4355,45,20,10.3
4356,92,13,7.3
4357,41,34,6.4
4358,83,76,7.4
4359,25,58,9.4
4360,82,42,6.0
4361,74,15,10.5
4362,3,73,9.0
4363,62,68,7.0
4364,88,25,2.5
4365,19,22,3.5
4366,77,63,2.3
4367,6,35,5.1
4368,39,88,4.1
4369,89,3,5.6
4370,62,9,10.2
4371,94,49,3.6
4372,52,92,5.5
4373,86,26,7.9
4374,13,22,9.5
4375,56,63,9.7
4376,76,43,7.8
4377,13,72,1.1
4378,78,74,0.8
4379,26,64,7.9
4380,80,44,0.9
4381,97,26,6.9
4382,46,47,1.3
4383,20,21,4.8
4384,46,27,6.0
4385,66,14,7.9
4386,85,13,0.6
4387,24,45,0.1
4388,7,74,1.6
4389,44,57,1.2
4390,83,60,5.8
4391,33,48,2.6
4392,92,24,8.0
4393,38,66,3.1
4394,79,7,0.2
4395,97,30,2.6
4396,9,70,6.5
4397,2,94,10.8
4398,86,5,8.2
4399,77,24,8.3
4400,30,33,3.7
4401,69,39,10.7
4402,76,44,6.6
4403,97,6,1.1
4404,37,42,2.7
4405,17,54,8.3
4406,1,56,2.7
4407,79,30,7.8
4408,59,95,4.6
4409,16,65,6.2
4410,68,75,1.2
4411,18,24,8.5
4412,28,34,0.4
4413,86,5,1.0
4414,57,93,4.5
4415,23,87,8.2
4416,47,27,3.0
4417,88,2,4.8
4418,42,63,0.7
4419,93,48,2.1
4420,14,61,2.1
4421,17,29,3.2
4422,12,78,9.4
4423,82,52,0.3
4424,94,27,5.3
4425,14,64,3.0
4426,93,37,6.1
4427,0,69,0.2
4428,63,76,3.0
4429,9,24,3.2
4430,6,71,7.9
4431,54,75,5.2
4432,1,95,3.8
4433,6,25,7.1
4434,89,48,1.5
4435,30,21,5.8
4436,55,48,5.3
4437,36,1,9.3
4438,10,79,7.4
4439,41,84,4.3
4440,91,27,8.4
4441,55,34,1.0
4442,92,18,8.8
4443,8,90,2.3
4444,11,63,5.3
4445,56,3,4.3
4446,51,41,10.2
4447,23,35,6.4
4448,33,87,5.6
4449,65,67,1.8
4450,57,43,9.7
4451,52,77,0.9
4452,49,57,6.5
4453,96,23,0.6
4454,38,2,9.1
4455,79,38,6.8
4456,32,40,1.5
4457,8,81,8.0
4458,12,92,8.3
4459,32,72,5.8
4460,76,70,2.5
4461,94,19,6.1
4462,8,47,0.2
4463,14,40,7.8
4464,70,49,2.9
4465,57,3,6.8
4466,56,7,5.2
4467,97,58,7.2
4468,37,65,4.6
4469,90,25,7.5
4470,0,99,4.6
4471,1,60,3.5
4472,98,64,0.5
4473,33,99,2.9
4474,49,54,7.5
4475,53,29,9.8
4476,62,92,5.6
4477,80,11,4.1
4478,62,63,0.8
4479,49,23,10.2
4480,2,85,0.6
4481,73,84,8.7
4482,3,80,7.1
4483,53,9,8.2
4484,32,46,6.4
4485,35,54,4.3
4486,23,53,10.6
4487,3,89,10.4
4488,11,22,9.5
4489,76,21,4.9
4490,46,10,2.5
4491,52,43,3.1
4492,49,2,1.5
4493,34,9,0.8
4494,58,55,6.5
4495,75,83,7.3
4496,32,61,6.9
4497,51,77,9.2
4498,72,17,5.2
4499,11,94,2.4
4500,14,70,2.8
4501,69,97,9.9
4502,57,13,8.4
4503,85,73,0.6
4504,26,35,7.6
4505,39,67,4.0
4506,41,48,6.9
4507,90,59,10.8
4508,15,24,6.4
4509,88,38,6.6
4510,74,10,3.1
4511,90,67,3.8
4512,67,64,2.1
4513,6,37,1.4
4514,5,92,0.2
4515,87,34,6.2
4516,97,48,1.6
4517,80,7,6.5
4518,4,92,1.4
4519,33,23,2.7
4520,62,88,10.1
4521,46,0,4.5
4522,45,6,4.6
4523,69,30,6.8
4524,55,99,9.5
4525,35,60,9.6
4526,15,88,0.1
4527,72,13,4.7
4528,19,57,10.3
4529,76,37,7.0
4530,55,55,7.7
4531,78,88,0.4
4532,39,78,6.3
4533,80,37,4.8
4534,86,37,10.3
4535,47,1,1.5
4536,99,43,5.2
4537,69,69,10.6
4538,87,27,4.3
4539,46,65,8.2
4540,24,31,2.3
4541,13,60,10.7
4542,53,52,0.2
4543,56,86,5.0
4544,44,63,8.7
4545,46,26,2.7
4546,61,46,9.2
4547,21,39,0.4
4548,32,68,8.6
4549,54,82,2.1
4550,12,83,6.2
4551,62,33,10.1
4552,79,4,4.4
4553,61,93,9.5
4554,63,48,10.8
4555,24,44,10.5
4556,56,71,9.6
4557,14,68,9.9
4558,69,21,4.8
4559,81,2,4.7
4560,22,57,6.2
4561,84,2,10.7
4562,13,23,5.1
4563,70,7,7.4
4564,56,44,1.7
4565,20,28,5.3
4566,57,4,4.3
4567,54,29,5.8
4568,86,18,1.4
4569,96,25,10.6
4570,40,54,5.3
4571,60,81,3.6
4572,92,21,2.6
4573,11,66,6.6
4574,79,1,8.4
4575,31,91,4.4
4576,10,31,8.9
4577,36,57,7.2
4578,39,64,4.0
4579,84,53,2.2
4580,53,10,2.4
4581,85,64,3.1
4582,36,84,7.5
4583,60,64,5.5
4584,76,82,8.5
4585,33,95,0.2
4586,48,2,9.8
4587,79,89,2.4
4588,65,80,0.1
4589,0,83,5.7
4590,61,98,9.6
4591,23,55,10.7
4592,97,52,5.1
4593,68,58,0.0
4594,0,98,6.8
4595,35,35,1.7
4596,60,95,5.2
4597,1,76,7.9
4598,60,99,4.1
4599,95,1,8.9
4600,30,25,3.1
4601,99,27,1.8
4602,80,46,1.8
4603,62,95,0.6
4604,13,83,5.9
4605,33,61,10.4
4606,42,73,5.5
4607,33,76,1.6
4608,84,5,8.9
4609,91,36,7.7
4610,19,70,3.1
4611,93,37,3.3
4612,17,60,10.2
4613,62,87,0.8
4614,29,23,3.2
4615,1,64,8.8
4616,42,36,4.2
4617,9,47,1.6
4618,74,61,5.8
4619,64,3,0.3
4620,49,78,2.2
4621,52,44,5.6
4622,64,9,1.3
4623,68,76,10.3
4624,67,34,9.0
4625,6,87,7.4
4626,41,35,9.1
4627,48,60,4.5
4628,71,52,6.5
4629,44,52,3.4
4630,71,7,0.2
4631,68,31,4.1
4632,35,89,5.9
4633,56,56,1.0
4634,10,77,8.6
4635,45,25,4.3
4636,94,39,7.6
4637,51,23,3.1
4638,62,14,10.3
4639,52,65,7.5
4640,88,21,9.0
4641,68,57,9.9
4642,65,55,5.2
4643,62,23,3.8
4644,27,77,3.0
4645,12,44,3.9
4646,15,76,6.9
4647,2,26,0.4
4648,2,39,6.6
4649,26,68,2.1
4650,8,71,5.7
4651,36,52,2.2
4652,18,77,4.5
4653,97,14,0.3
4654,1,35,7.7
4655,1,42,2.6
4656,13,40,5.0
4657,83,31,5.8
4658,25,25,7.0
4659,39,79,9.4
4660,95,9,8.0
4661,52,25,5.9
4662,90,52,0.0
4663,20,37,4.8
4664,24,28,8.2
4665,76,63,0.3
4666,51,38,2.9
4667,32,65,5.3
4668,94,32,4.4
4669,40,41,4.3
4670,41,3,4.1
4671,4,47,7.4
4672,87,66,3.1
4673,56,77,3.1
4674,87,70,5.6
4675,81,6,10.8
4676,67,66,0.0
4677,15,59,5.7
4678,68,86,9.4
4679,78,71,0.7
4680,57,68,2.8
4681,48,80,8.1
4682,54,63,9.5
4683,29,46,6.2
4684,47,65,0.4
4685,74,64,5.9
4686,59,80,0.1
4687,33,27,0.3
4688,75,15,9.4
4689,52,31,3.3
4690,22,28,0.7
4691,87,0,4.2
4692,11,23,7.8
4693,68,10,8.7
4694,38,41,1.3
4695,4,96,7.4
4696,89,46,8.2
4697,63,43,0.3
4698,64,50,4.0
4699,98,40,0.8
4700,59,55,0.1
4701,38,10,4.3
4702,76,44,2.4
4703,40,3,6.8
4704,88,65,10.6
4705,77,43,8.8
4706,26,74,9.5
4707,72,15,3.3
4708,82,0,5.6
4709,48,33,10.7
4710,33,97,8.1
4711,66,77,3.3
4712,65,88,3.4
4713,52,7,7.6
4714,72,59,0.6
4715,53,49,5.1
4716,45,50,5.4
4717,97,45,5.7
4718,9,21,8.8
4719,63,62,1.8
4720,0,20,1.1
4721,39,18,8.9
4722,27,38,9.1
4723,97,33,6.9
4724,44,86,10.4
4725,60,47,5.4
4726,4,84,1.5
4727,69,77,2.1
4728,2,33,2.0
4729,43,62,9.7
4730,46,94,2.7
4731,47,27,8.2
4732,85,57,4.8
4733,28,51,4.0
4734,2,26,10.5
4735,49,79,4.7
4736,84,60,4.6
4737,70,22,9.9
4738,68,69,3.7
4739,1,64,7.6
4740,50,58,3.6
4741,16,79,7.0
4742,44,14,4.4
4743,8,82,10.0
4744,60,39,9.3
4745,73,60,0.7
4746,63,7,8.7
4747,56,26,10.2
4748,74,18,3.0
4749,35,46,10.0
4750,10,61,7.9
4751,94,51,3.2
4752,79,61,5.8
4753,6,76,2.3
4754,15,20,5.6
4755,6,24,5.1
4756,57,4,3.2
4757,64,42,6.5
4758,97,13,10.0
4759,19,63,4.8
4760,64,65,5.7
4761,69,65,0.9
4762,86,66,10.8
4763,20,67,5.9
4764,71,59,1.3
4765,30,95,4.1
4766,73,51,1.9
4767,50,84,10.0
4768,21,46,3.6
4769,61,57,10.4
4770,87,42,9.1
4771,43,27,0.7
4772,70,48,0.4
4773,23,65,3.1
4774,68,44,0.0
4775,78,33,3.6
4776,88,69,2.0
4777,20,86,6.0
4778,10,65,4.9
4779,61,74,4.3
4780,31,13,6.7
4781,37,0,5.6
4782,57,65,10.4
4783,34,57,3.2
4784,79,88,4.0
4785,8,24,1.8
4786,79,60,4.0
4787,78,62,3.0
4788,36,82,1.7
4789,34,27,1.5
4790,22,91,6.5
4791,75,24,7.1
4792,2,86,7.8
4793,50,66,6.4
4794,30,57,3.5
4795,10,62,3.3
4796,99,27,10.3
4797,79,27,9.3
4798,53,9,4.0
4799,17,36,9.0
4800,0,52,4.9
4801,7,68,3.7
4802,93,48,4.5
4803,47,59,4.1
4804,76,64,7.7
4805,8,46,6.4
4806,41,69,3.8
4807,74,55,8.2
4808,58,98,1.5
4809,64,83,1.3
4810,67,41,5.2
4811,23,69,4.7
4812,89,10,9.9
4813,6,61,9.2
4814,40,32,0.7
4815,37,41,2.5
4816,48,39,0.6
4817,93,8,7.8
4818,25,51,0.8
4819,91,48,8.9
4820,26,44,9.6
4821,15,23,3.9
4822,19,57,5.2
4823,84,22,4.0
4824,62,4,4.8
4825,43,75,6.9
4826,37,62,0.7
4827,36,26,5.5
4828,71,88,5.1
4829,67,73,2.8
4830,62,81,1.8
4831,49,21,5.6
4832,28,73,10.7
4833,53,5,9.2
4834,44,28,1.8
4835,49,3,8.3
4836,65,48,3.2
4837,16,49,1.7
4838,7,66,8.9
4839,36,9,3.0
4840,45,78,7.5
4841,84,1,5.0
4842,2,59,9.8
4843,29,30,3.8
4844,53,81,3.3
4845,67,27,7.1
4846,68,8,4.3
4847,64,32,7.5
4848,49,49,7.2
4849,78,9,0.8
4850,2,86,1.1
4851,37,13,4.0
4852,60,5,5.9
4853,77,33,8.4
4854,83,28,5.6
4855,82,14,3.2
4856,93,11,9.5
4857,29,58,0.8
4858,73,44,5.8
4859,60,31,3.5
4860,14,94,4.5
4861,22,23,5.0
4862,89,62,9.7
4863,65,74,8.0
4864,66,36,2.9
4865,70,72,9.2
4866,40,58,5.5
4867,49,57,6.9
4868,58,67,0.5
4869,75,79,7.3
4870,40,3,4.3
4871,61,50,1.2
4872,89,24,7.5
4873,80,51,4.7
4874,36,95,9.8
4875,59,84,1.1
4876,56,0,4.9
4877,0,41,1.4
4878,45,53,4.3
4879,60,21,10.0
4880,31,67,1.0
4881,16,49,1.8
4882,6,30,9.7
4883,75,81,7.0
4884,41,63,2.0
4885,2,45,9.1
4886,30,60,3.1
4887,65,44,8.2
4888,46,25,9.1
4889,39,47,7.8
4890,91,29,2.1
4891,1,40,1.1
4892,49,45,10.9
4893,71,30,2.9
4894,88,21,5.6
4895,96,47,10.8
4896,17,93,8.4
4897,5,92,4.4
4898,63,99,7.2
4899,74,89,7.1
4900,44,0,3.7
4901,46,70,7.9
4902,32,29,10.1
4903,23,99,3.9
4904,34,90,9.4
4905,9,45,7.8
4906,41,40,10.4
4907,63,82,2.3
4908,11,99,7.1
4909,78,81,4.9
4910,32,36,7.0
4911,39,94,9.3
4912,57,62,6.2
4913,61,66,5.0
4914,8,27,3.4
4915,22,52,3.9
4916,29,84,10.5
4917,91,31,10.4
4918,89,65,4.6
4919,41,87,2.9
4920,34,17,6.6
4921,50,58,4.3
4922,59,64,1.1
4923,69,63,7.3
4924,24,74,6.7
4925,96,64,3.9
4926,32,68,10.7
4927,80,0,7.9
4928,92,3,7.5
4929,48,80,9.3
4930,82,4,8.8
4931,56,31,7.5
4932,84,76,5.4
4933,32,79,6.4
4934,43,57,1.9
4935,92,65,8.3
4936,53,26,8.4
4937,48,95,3.1
4938,73,62,6.8
4939,15,47,0.3
4940,35,74,6.6
4941,55,98,2.0
4942,59,4,3.4
4943,17,80,8.9
4944,57,60,4.8
4945,2,80,1.8
4946,26,73,0.1
4947,33,86,3.9
4948,93,56,9.8
4949,29,73,10.6
4950,69,54,6.8
4951,43,64,1.5
4952,50,93,9.1
4953,35,19,6.2
4954,68,68,5.4
4955,1,26,0.7
4956,33,80,9.6
4957,47,42,0.4
4958,99,21,7.2
4959,54,44,4.7
4960,38,57,10.7
4961,50,86,3.1
4962,87,41,0.8
4963,53,0,2.4
4964,28,56,9.8
4965,86,73,5.0
4966,55,4,10.0
4967,32,9,8.1
4968,58,83,2.2
4969,64,83,3.5
4970,59,40,4.6
4971,75,72,6.9
4972,1,31,10.1
4973,19,54,8.6
4974,49,45,9.8
4975,27,30,4.1
4976,11,99,9.7
4977,47,19,8.7
4978,88,17,8.5
4979,73,49,6.8
4980,48,81,8.0
4981,8,94,0.6
4982,87,1,10.1
4983,46,62,1.7
4984,37,15,4.9
4985,14,54,9.5
4986,4,30,7.5
4987,9,51,3.4
4988,89,45,8.3
4989,64,98,5.4
4990,65,71,3.0
4991,58,32,4.6
4992,58,50,8.3
4993,31,20,1.9
4994,15,61,8.1
4995,0,58,6.9
4996,99,63,6.1
4997,67,40,10.3
4998,1,31,4.4
4999,60,75,7.7
5000,45,86,9.7
