100
Cola1
1
2
3
4
5
6
7
8
9
10
11
12
Cola2
12
11
10
9
8
7
6
5
4
3
2
1
Cola3
12
1
2
3
4
5
6
7
8
9
10
11
Cola4
2
3
4
5
6
7
8
9
10
11
12
1
Cola5
1
3
5
7
9
11
2
4
6
8
10
12
Cola6
12
10
8
6
4
2
11
9
7
5
3
1
Cola7
6
7
5
8
4
9
3
10
2
11
1
12
Cola8
11
2
10
3
9
4
8
5
7
6
1
12
Cola9
7
12
5
10
3
8
1
6
11
4
9
2
Cola10
2
9
4
11
6
1
8
3
10
5
12
7
Cola11
8
3
11
4
1
9
6
12
5
2
10
7
Cola12
5
11
2
8
1
7
12
6
3
9
4
10
Cola13
9
4
12
7
2
10
5
1
8
3
11
6
Cola14
3
8
1
6
11
4
9
2
7
12
5
10
Cola15
10
5
12
7
2
9
4
11
6
1
8
3
Cola16
4
10
1
7
12
6
2
8
3
9
5
11
Cola17
11
6
1
8
3
10
5
12
7
2
9
4
Cola18
1
7
12
6
2
8
3
9
4
10
5
11
Cola19
7
1
8
2
9
3
10
4
11
5
12
6
Cola20
12
6
11
5
10
4
9
3
8
2
7
1
Cola21
4
8
12
3
7
11
2
6
10
1
5
9
Cola22
9
5
1
10
6
2
11
7
3
12
8
4
Cola23
2
6
10
1
5
9
12
8
4
11
7
3
Cola24
8
1
9
2
10
3
11
4
12
5
6
7
Cola25
5
12
4
11
3
10
2
9
1
8
7
6
Cola26
3
6
9
12
2
5
8
11
1
4
7
10
Cola27
10
7
4
1
11
8
5
2
12
9
6
3
Cola28
6
1
11
4
9
2
12
7
3
8
5
10
Cola29
1
12
2
11
3
10
4
9
5
8
6
7
Cola30
7
6
8
5
9
4
10
3
11
2
12
1
Cola31
11
1
10
2
9
3
8
4
7
5
12
6
Cola32
6
12
5
7
4
8
3
9
2
10
1
11
Cola33
3
11
7
2
10
6
1
9
5
12
8
4
Cola34
4
8
12
5
9
1
6
10
2
7
11
3
Cola35
9
2
6
11
4
8
1
5
10
3
7
12
Cola36
12
7
3
10
5
1
8
4
11
6
2
9
Cola37
5
9
2
6
12
3
7
10
1
8
4
11
Cola38
11
4
8
1
10
7
3
12
6
2
9
5
Cola39
8
12
3
7
1
11
4
9
2
6
10
5
Cola40
5
10
6
2
9
4
11
1
7
3
12
8
Cola41
2
7
11
4
9
1
6
12
3
8
5
10
Cola42
10
5
8
3
12
6
1
9
4
11
7
2
Cola43
7
3
12
8
2
11
5
10
1
6
9
4
Cola44
4
9
6
1
10
5
11
2
8
12
3
7
Cola45
1
6
11
3
8
12
4
9
2
7
10
5
Cola46
5
10
7
2
9
4
12
8
3
11
6
1
Cola47
12
4
8
1
5
9
2
6
10
3
7
11
Cola48
11
7
3
10
6
2
9
5
1
8
4
12
Cola49
3
9
1
7
12
4
10
2
8
5
11
6
Cola50
6
11
5
8
2
10
4
12
7
1
9
3
Cola51
9
1
5
12
4
8
11
3
7
2
6
10
Cola52
10
6
2
7
3
11
8
4
12
5
1
9
Cola53
4
11
7
1
8
12
3
10
6
2
5
9
Cola54
9
5
2
6
10
3
12
8
1
7
11
4
Cola55
8
2
11
5
1
7
10
4
12
6
3
9
Cola56
9
3
6
12
4
10
7
1
5
11
2
8
Cola57
2
8
5
11
7
1
10
4
12
6
3
9
Cola58
9
3
6
12
4
10
1
7
11
5
8
2
Cola59
7
11
4
8
12
1
5
9
2
6
10
3
Cola60
3
10
6
2
9
5
1
12
8
4
11
7
Cola61
11
3
7
12
4
8
1
5
9
2
6
10
Cola62
10
6
2
9
5
1
8
4
12
7
3
11
Cola63
6
12
7
1
8
2
9
3
10
4
11
5
Cola64
5
11
4
10
3
9
2
8
1
7
12
6
Cola65
1
8
3
10
5
12
7
2
9
4
11
6
Cola66
6
11
4
9
2
7
12
5
10
3
8
1
Cola67
12
5
9
2
6
11
3
7
10
1
4
8
Cola68
8
4
1
10
7
3
11
6
2
9
5
12
Cola69
3
12
8
4
9
1
5
10
2
6
11
7
Cola70
7
11
6
2
10
5
1
9
4
8
12
3
Cola71
10
2
5
9
12
4
7
11
1
6
8
3
Cola72
3
8
6
1
11
7
4
12
9
5
2
10
Cola73
5
1
8
3
10
6
12
7
2
9
4
11
Cola74
11
4
9
2
7
12
6
10
3
8
1
5
Cola75
4
12
7
3
8
1
5
9
2
10
6
11
Cola76
11
6
10
2
9
5
1
8
3
7
12
4
Cola77
2
11
6
1
8
4
10
5
12
7
3
9
Cola78
9
3
7
12
5
10
4
8
1
6
11
2
Cola79
8
4
12
7
3
9
1
6
11
2
5
10
Cola80
10
5
2
11
6
1
9
3
7
12
4
8
Cola81
6
1
7
12
3
9
4
10
5
11
2
8
Cola82
8
2
11
5
10
4
9
3
12
7
1
6
Cola83
12
7
2
8
3
9
4
10
5
11
6
1
Cola84
1
6
11
5
10
4
9
3
8
2
7
12
Cola85
9
5
1
6
11
2
7
12
4
8
3
10
Cola86
10
3
8
4
12
7
2
11
6
1
5
9
Cola87
4
10
5
11
6
12
1
7
2
8
3
9
Cola88
9
3
8
2
7
1
12
6
11
5
10
4
Cola89
7
2
9
4
11
6
1
8
3
10
5
12
Cola90
12
5
10
3
8
1
6
11
4
9
2
7
Cola91
3
7
11
2
6
10
1
5
9
12
4
8
Cola92
8
4
12
9
5
1
10
6
2
11
7
3
Cola93
11
6
1
7
12
5
10
3
8
2
9
4
Cola94
4
9
2
8
3
10
5
12
7
1
6
11
Cola95
1
5
9
2
6
10
3
7
11
4
8
12
Cola96
12
8
4
11
7
3
10
6
2
9
5
1
Cola97
2
4
6
8
10
12
1
3
5
7
9
11
Cola98
11
9
7
5
3
1
12
10
8
6
4
2
Cola99
6
5
4
3
2
1
12
11
10
9
8
7
Cola100
7
8
9
10
11
12
1
2
3
4
5
6